# Region        : all region0
# Cells         : 31680
# Volume        : 3.20955384e+00
# Time          	volIntegrate(alpha.water)
0.00011990408   	6.75116779e-01
0.00026365075   	6.75116779e-01
0.00043634641   	6.75116779e-01
0.00064372571   	6.75116779e-01
0.00089299982   	6.75116779e-01
0.0011924328    	6.75116779e-01
0.0015513119    	6.75116779e-01
0.0019800614    	6.75116779e-01
0.0024964048    	6.75116779e-01
0.0031133346    	6.75116779e-01
0.0038575674    	6.75116779e-01
0.0047449219    	6.75116779e-01
0.0057973655    	6.75116779e-01
0.007060298     	6.75116779e-01
0.0085938587    	6.75116778e-01
0.010394126     	6.75116777e-01
0.012594452     	6.75116773e-01
0.015266277     	6.75116763e-01
0.018423888     	6.75116763e-01
0.022370902     	6.75116763e-01
0.026975752     	6.75116763e-01
0.032731814     	6.75116763e-01
0.038487876     	6.75116763e-01
0.044243938     	6.75116762e-01
0.05            	6.75116762e-01
0.057142857     	6.75116759e-01
0.065714286     	6.75116751e-01
0.077142857     	6.75116751e-01
0.088571429     	6.75116750e-01
0.1             	6.75116749e-01
0.11            	6.75116748e-01
0.12            	6.75116746e-01
0.13            	6.75116744e-01
0.14            	6.75116742e-01
0.15            	6.75116739e-01
0.16            	6.75116735e-01
0.17            	6.75116730e-01
0.18            	6.75116725e-01
0.19            	6.75116719e-01
0.2             	6.75116713e-01
0.20833333      	6.75116710e-01
0.21666667      	6.75116707e-01
0.225           	6.75116703e-01
0.23333333      	6.75116698e-01
0.24166667      	6.75116691e-01
0.25            	6.75116680e-01
0.25714286      	6.75116674e-01
0.26428571      	6.75116665e-01
0.27142857      	6.75116652e-01
0.27857143      	6.75116654e-01
0.28571429      	6.75116653e-01
0.29285714      	6.75116653e-01
0.3             	6.75116653e-01
0.30714286      	6.75116652e-01
0.31326531      	6.75116652e-01
0.31938776      	6.75116652e-01
0.3255102       	6.75116652e-01
0.33040816      	6.75116651e-01
0.33530612      	6.75116651e-01
0.34020408      	6.75116651e-01
0.34510204      	6.75116641e-01
0.35            	6.75116637e-01
0.35416667      	6.75116637e-01
0.35833333      	6.75116637e-01
0.36212121      	6.75116636e-01
0.36556474      	6.75116636e-01
0.36900826      	6.75116636e-01
0.37210744      	6.75116636e-01
0.37520661      	6.75116636e-01
0.37796143      	6.75116636e-01
0.38071625      	6.75116636e-01
0.38312672      	6.75116636e-01
0.38553719      	6.75116636e-01
0.38760331      	6.75116635e-01
0.38966942      	6.75116635e-01
0.39173554      	6.75116635e-01
0.39380165      	6.75116635e-01
0.39586777      	6.75116635e-01
0.39793388      	6.75116635e-01
0.4             	6.75116635e-01
0.4015625       	6.75116635e-01
0.40307617      	6.75116635e-01
0.40454254      	6.75116635e-01
0.40596309      	6.75116635e-01
0.40733924      	6.75116633e-01
0.40867239      	6.75116632e-01
0.40996388      	6.75116631e-01
0.41125537      	6.75116629e-01
0.41250519      	6.75116628e-01
0.4137147       	6.75116626e-01
0.41492421      	6.75116624e-01
0.4160934       	6.75116623e-01
0.41722362      	6.75116621e-01
0.41835384      	6.75116619e-01
0.41944509      	6.75116617e-01
0.42053634      	6.75116616e-01
0.42162758      	6.75116613e-01
0.42267841      	6.75116612e-01
0.42372925      	6.75116609e-01
0.42473966      	6.75116608e-01
0.42575007      	6.75116606e-01
0.42676049      	6.75116603e-01
0.4277709       	6.75116601e-01
0.42873738      	6.75116599e-01
0.42970386      	6.75116597e-01
0.43067035      	6.75116594e-01
0.43163683      	6.75116591e-01
0.43260331      	6.75116589e-01
0.4335698       	6.75116585e-01
0.43448258      	6.75116583e-01
0.43539537      	6.75116579e-01
0.43630816      	6.75116576e-01
0.43722095      	6.75116573e-01
0.43813374      	6.75116569e-01
0.43904653      	6.75116564e-01
0.43995932      	6.75116560e-01
0.44087211      	6.75116554e-01
0.4415241       	6.75116553e-01
0.44217609      	6.75116552e-01
0.44273494      	6.75116551e-01
0.44329379      	6.75116550e-01
0.44385264      	6.75116550e-01
0.4444115       	6.75116549e-01
0.44497035      	6.75116548e-01
0.4455292       	6.75116547e-01
0.44608805      	6.75116546e-01
0.4466469       	6.75116545e-01
0.44720575      	6.75116544e-01
0.4477646       	6.75116543e-01
0.44832345      	6.75116542e-01
0.4488823       	6.75116541e-01
0.44944115      	6.75116540e-01
0.45            	6.75116538e-01
0.4505102       	6.75116538e-01
0.45102041      	6.75116537e-01
0.45153598      	6.75116536e-01
0.45203051      	6.75116535e-01
0.4525302       	6.75116534e-01
0.45302988      	6.75116533e-01
0.45352956      	6.75116532e-01
0.45402393      	6.75116531e-01
0.45452367      	6.75116530e-01
0.45502341      	6.75116529e-01
0.45552315      	6.75116528e-01
0.45602857      	6.75116527e-01
0.45653986      	6.75116525e-01
0.45705116      	6.75116524e-01
0.45756245      	6.75116522e-01
0.45807375      	6.75116521e-01
0.45858504      	6.75116519e-01
0.45909634      	6.75116517e-01
0.45960764      	6.75116515e-01
0.46011893      	6.75116513e-01
0.46063023      	6.75116510e-01
0.46114152      	6.75116508e-01
0.46165282      	6.75116506e-01
0.46216411      	6.75116504e-01
0.46267541      	6.75116501e-01
0.46318671      	6.75116499e-01
0.463698        	6.75116496e-01
0.4642093       	6.75116494e-01
0.464728        	6.75116491e-01
0.46524671      	6.75116488e-01
0.46576541      	6.75116485e-01
0.46628412      	6.75116481e-01
0.46680283      	6.75116478e-01
0.46732153      	6.75116474e-01
0.4678486       	6.75116470e-01
0.46837568      	6.75116466e-01
0.46890275      	6.75116462e-01
0.46943891      	6.75116458e-01
0.46997507      	6.75116453e-01
0.47051123      	6.75116448e-01
0.47104739      	6.75116442e-01
0.47159366      	6.75116436e-01
0.47213994      	6.75116430e-01
0.47268621      	6.75116424e-01
0.47324364      	6.75116416e-01
0.47380106      	6.75116409e-01
0.47435849      	6.75116403e-01
0.4749283       	6.75116397e-01
0.47549811      	6.75116391e-01
0.47608149      	6.75116384e-01
0.47666487      	6.75116377e-01
0.47724824      	6.75116368e-01
0.47784697      	6.75116357e-01
0.4784457       	6.75116343e-01
0.47906154      	6.75116343e-01
0.47967738      	6.75116342e-01
0.48031246      	6.75116342e-01
0.48094754      	6.75116328e-01
0.48158262      	6.75116320e-01
0.48224039      	6.75116312e-01
0.48289815      	6.75116304e-01
0.48358223      	6.75116297e-01
0.4842663       	6.75116292e-01
0.48498147      	6.75116289e-01
0.48569664      	6.75116286e-01
0.4864118       	6.75116283e-01
0.48712697      	6.75116279e-01
0.48788421      	6.75116279e-01
0.48864145      	6.75116276e-01
0.48939868      	6.75116272e-01
0.49015592      	6.75116269e-01
0.49091316      	6.75116265e-01
0.49167039      	6.75116265e-01
0.49242763      	6.75116265e-01
0.49318487      	6.75116265e-01
0.49403676      	6.75116264e-01
0.49488865      	6.75116262e-01
0.49574054      	6.75116260e-01
0.49659243      	6.75116257e-01
0.49744433      	6.75116252e-01
0.49829622      	6.75116247e-01
0.49914811      	6.75116242e-01
0.5             	6.75116237e-01
0.50081967      	6.75116235e-01
0.50163934      	6.75116233e-01
0.50245902      	6.75116231e-01
0.50327869      	6.75116231e-01
0.50409836      	6.75116230e-01
0.50493294      	6.75116229e-01
0.50576751      	6.75116229e-01
0.50660209      	6.75116230e-01
0.50743666      	6.75116230e-01
0.50828793      	6.75116230e-01
0.5091392       	6.75116225e-01
0.51000857      	6.75116225e-01
0.51087795      	6.75116225e-01
0.51176709      	6.75116224e-01
0.51265623      	6.75116224e-01
0.51356705      	6.75116224e-01
0.51450123      	6.75116224e-01
0.51543541      	6.75116224e-01
0.51639554      	6.75116224e-01
0.51735566      	6.75116224e-01
0.51831579      	6.75116224e-01
0.51927592      	6.75116224e-01
0.52023605      	6.75116224e-01
0.52119617      	6.75116224e-01
0.5221563       	6.75116224e-01
0.52311643      	6.75116224e-01
0.52407656      	6.75116224e-01
0.52503668      	6.75116224e-01
0.52599681      	6.75116224e-01
0.52695694      	6.75116224e-01
0.52791707      	6.75116224e-01
0.52887719      	6.75116224e-01
0.52983732      	6.75116225e-01
0.53079745      	6.75116225e-01
0.53171186      	6.75116225e-01
0.53262626      	6.75116225e-01
0.53354067      	6.75116225e-01
0.53445508      	6.75116225e-01
0.53536948      	6.75116225e-01
0.53628389      	6.75116225e-01
0.5371983       	6.75116225e-01
0.53811271      	6.75116225e-01
0.53902711      	6.75116225e-01
0.53994152      	6.75116225e-01
0.54085593      	6.75116225e-01
0.54177034      	6.75116225e-01
0.54268474      	6.75116225e-01
0.54359915      	6.75116225e-01
0.54451356      	6.75116225e-01
0.54542796      	6.75116225e-01
0.54634237      	6.75116225e-01
0.54725678      	6.75116225e-01
0.54817119      	6.75116225e-01
0.54908559      	6.75116225e-01
0.55            	6.75116225e-01
0.55092593      	6.75116225e-01
0.55185185      	6.75116225e-01
0.55279593      	6.75116225e-01
0.55374001      	6.75116225e-01
0.55470376      	6.75116225e-01
0.55566751      	6.75116225e-01
0.55663126      	6.75116225e-01
0.55759501      	6.75116221e-01
0.55853735      	6.75116217e-01
0.55947968      	6.75116213e-01
0.5604006       	6.75116210e-01
0.56132151      	6.75116207e-01
0.56222101      	6.75116204e-01
0.56312051      	6.75116202e-01
0.56402001      	6.75116200e-01
0.56491951      	6.75116199e-01
0.56581901      	6.75116197e-01
0.56671851      	6.75116196e-01
0.56761801      	6.75116195e-01
0.5684932       	6.75116195e-01
0.56936839      	6.75116194e-01
0.57024358      	6.75116194e-01
0.57111877      	6.75116193e-01
0.5720213       	6.75116193e-01
0.57292384      	6.75116192e-01
0.57382638      	6.75116192e-01
0.57472892      	6.75116191e-01
0.57563146      	6.75116190e-01
0.576534        	6.75116190e-01
0.57743654      	6.75116189e-01
0.57833907      	6.75116189e-01
0.57924161      	6.75116188e-01
0.58018518      	6.75116187e-01
0.58112874      	6.75116186e-01
0.5820723       	6.75116185e-01
0.58306829      	6.75116185e-01
0.58406427      	6.75116184e-01
0.58506025      	6.75116183e-01
0.58605623      	6.75116181e-01
0.58705222      	6.75116180e-01
0.5880482       	6.75116178e-01
0.58904418      	6.75116177e-01
0.59004017      	6.75116175e-01
0.59114682      	6.75116175e-01
0.59225346      	6.75116172e-01
0.59336011      	6.75116169e-01
0.59446676      	6.75116166e-01
0.59557341      	6.75116162e-01
0.59668006      	6.75116158e-01
0.5977867       	6.75116154e-01
0.59889335      	6.75116150e-01
0.6             	6.75116146e-01
0.60116279      	6.75116141e-01
0.60232558      	6.75116135e-01
0.60348837      	6.75116130e-01
0.60465116      	6.75116125e-01
0.60584455      	6.75116118e-01
0.60703794      	6.75116112e-01
0.60823133      	6.75116106e-01
0.60942472      	6.75116100e-01
0.61065428      	6.75116094e-01
0.61188383      	6.75116087e-01
0.61311339      	6.75116081e-01
0.61434294      	6.75116075e-01
0.61561641      	6.75116068e-01
0.61688987      	6.75116061e-01
0.61816334      	6.75116055e-01
0.61943681      	6.75116049e-01
0.62071027      	6.75116043e-01
0.62198374      	6.75116037e-01
0.6232572       	6.75116031e-01
0.62453067      	6.75116025e-01
0.62580414      	6.75116025e-01
0.6270776       	6.75116025e-01
0.62835107      	6.75116025e-01
0.62962454      	6.75116025e-01
0.630898        	6.75116024e-01
0.63209188      	6.75116019e-01
0.63328575      	6.75116014e-01
0.63447963      	6.75116014e-01
0.63577299      	6.75116013e-01
0.63706636      	6.75116013e-01
0.63835972      	6.75116012e-01
0.63965309      	6.75116011e-01
0.64094645      	6.75116010e-01
0.64223981      	6.75116009e-01
0.64353318      	6.75116007e-01
0.64482654      	6.75116005e-01
0.64611991      	6.75116003e-01
0.64741327      	6.75116000e-01
0.64870664      	6.75115997e-01
0.65            	6.75115994e-01
0.65135135      	6.75115990e-01
0.6527027       	6.75115984e-01
0.65405405      	6.75115978e-01
0.65540541      	6.75115972e-01
0.65679899      	6.75115963e-01
0.65819257      	6.75115953e-01
0.65958615      	6.75115941e-01
0.66097973      	6.75115928e-01
0.66237331      	6.75115912e-01
0.66371712      	6.75115894e-01
0.66506093      	6.75115874e-01
0.66640474      	6.75115850e-01
0.66774855      	6.75115823e-01
0.66909236      	6.75115790e-01
0.67043617      	6.75115753e-01
0.67177998      	6.75115711e-01
0.67312379      	6.75115664e-01
0.6744676       	6.75115610e-01
0.67581141      	6.75115549e-01
0.67723427      	6.75115475e-01
0.67865713      	6.75115391e-01
0.68007999      	6.75115295e-01
0.68150285      	6.75115186e-01
0.6829257       	6.75115061e-01
0.68423911      	6.75114933e-01
0.68555252      	6.75114790e-01
0.68686593      	6.75114628e-01
0.68817933      	6.75114447e-01
0.68949274      	6.75114245e-01
0.69080615      	6.75114018e-01
0.69211956      	6.75113765e-01
0.69343296      	6.75113482e-01
0.69474637      	6.75113167e-01
0.69605978      	6.75112816e-01
0.69737319      	6.75112425e-01
0.69868659      	6.75111992e-01
0.7             	6.75111511e-01
0.70135135      	6.75110961e-01
0.7027027       	6.75110350e-01
0.70405405      	6.75109674e-01
0.70540541      	6.75108926e-01
0.70671701      	6.75108128e-01
0.70802862      	6.75107250e-01
0.70934022      	6.75106285e-01
0.71065183      	6.75105226e-01
0.71196343      	6.75104066e-01
0.71332188      	6.75102748e-01
0.71468033      	6.75101307e-01
0.71603878      	6.75099736e-01
0.71739723      	6.75098028e-01
0.71875568      	6.75096174e-01
0.72011413      	6.75094167e-01
0.72147258      	6.75091998e-01
0.72283102      	6.75089662e-01
0.72418947      	6.75087149e-01
0.72554792      	6.75084451e-01
0.72690637      	6.75081561e-01
0.72826482      	6.75078471e-01
0.72971383      	6.75074923e-01
0.73116284      	6.75071125e-01
0.73261186      	6.75067067e-01
0.73406087      	6.75062737e-01
0.73550988      	6.75058109e-01
0.73695889      	6.75053160e-01
0.7384079       	6.75047862e-01
0.73985692      	6.75042193e-01
0.74130593      	6.75036126e-01
0.74275494      	6.75029641e-01
0.74420395      	6.75022713e-01
0.74565296      	6.75015303e-01
0.74710198      	6.75007378e-01
0.74855099      	6.74998899e-01
0.75            	6.74989843e-01
0.75151515      	6.74979703e-01
0.7530303       	6.74968883e-01
0.75454545      	6.74957214e-01
0.75606061      	6.74944644e-01
0.75757576      	6.74931152e-01
0.75909091      	6.74916750e-01
0.76060606      	6.74901455e-01
0.76212121      	6.74885288e-01
0.76363636      	6.74868271e-01
0.76515152      	6.74850376e-01
0.76666667      	6.74831558e-01
0.76818182      	6.74811762e-01
0.76969697      	6.74790989e-01
0.77129187      	6.74768057e-01
0.77288676      	6.74744084e-01
0.77448166      	6.74719125e-01
0.77607656      	6.74693214e-01
0.77767145      	6.74666380e-01
0.77926635      	6.74638594e-01
0.78086124      	6.74609845e-01
0.78245614      	6.74580148e-01
0.78405104      	6.74549550e-01
0.78564593      	6.74518089e-01
0.78724083      	6.74485717e-01
0.78883573      	6.74452453e-01
0.79043062      	6.74418356e-01
0.79202552      	6.74383498e-01
0.79362041      	6.74347948e-01
0.79521531      	6.74311757e-01
0.79681021      	6.74274977e-01
0.7984051       	6.74237679e-01
0.8             	6.74199930e-01
0.80166667      	6.74160047e-01
0.80333333      	6.74119778e-01
0.805           	6.74079246e-01
0.80666667      	6.74038498e-01
0.80833333      	6.73997534e-01
0.81            	6.73956403e-01
0.81166667      	6.73915154e-01
0.81333333      	6.73873837e-01
0.815           	6.73832483e-01
0.81666667      	6.73791109e-01
0.81833333      	6.73749761e-01
0.82            	6.73708482e-01
0.82166667      	6.73667306e-01
0.82333333      	6.73626267e-01
0.825           	6.73585395e-01
0.82666667      	6.73544723e-01
0.82833333      	6.73504277e-01
0.83            	6.73464084e-01
0.83166667      	6.73424169e-01
0.83333333      	6.73384553e-01
0.835           	6.73345253e-01
0.83666667      	6.73306280e-01
0.83833333      	6.73267644e-01
0.84            	6.73229348e-01
0.84166667      	6.73191385e-01
0.84333333      	6.73153735e-01
0.845           	6.73116432e-01
0.84666667      	6.73079490e-01
0.84833333      	6.73042902e-01
0.85            	6.73006664e-01
0.85172414      	6.72969656e-01
0.85344828      	6.72933095e-01
0.85517241      	6.72897085e-01
0.85689655      	6.72861671e-01
0.85862069      	6.72826856e-01
0.86034483      	6.72792652e-01
0.86206897      	6.72759060e-01
0.8637931       	6.72726061e-01
0.86551724      	6.72693638e-01
0.86724138      	6.72661788e-01
0.86896552      	6.72630506e-01
0.87068966      	6.72599790e-01
0.87241379      	6.72569638e-01
0.87413793      	6.72540045e-01
0.87586207      	6.72511005e-01
0.87758621      	6.72482512e-01
0.87931034      	6.72454556e-01
0.88103448      	6.72427131e-01
0.88275862      	6.72400227e-01
0.88448276      	6.72373834e-01
0.8862069       	6.72347941e-01
0.88793103      	6.72322508e-01
0.88965517      	6.72297528e-01
0.89137931      	6.72272987e-01
0.89310345      	6.72248862e-01
0.89482759      	6.72225135e-01
0.89655172      	6.72201793e-01
0.89827586      	6.72178821e-01
0.9             	6.72156222e-01
0.90172414      	6.72133998e-01
0.90344828      	6.72112067e-01
0.90517241      	6.72090373e-01
0.90689655      	6.72068876e-01
0.90862069      	6.72047541e-01
0.91034483      	6.72026322e-01
0.91206897      	6.72005158e-01
0.9137931       	6.71984008e-01
0.91551724      	6.71962821e-01
0.91724138      	6.71941474e-01
0.91896552      	6.71919567e-01
0.92068966      	6.71897001e-01
0.92241379      	6.71873808e-01
0.92413793      	6.71850065e-01
0.92586207      	6.71825848e-01
0.92758621      	6.71801215e-01
0.92931034      	6.71776216e-01
0.93103448      	6.71750886e-01
0.93275862      	6.71725165e-01
0.93448276      	6.71699031e-01
0.9362069       	6.71672526e-01
0.93793103      	6.71645716e-01
0.93965517      	6.71618657e-01
0.94137931      	6.71591394e-01
0.94310345      	6.71563959e-01
0.94482759      	6.71536127e-01
0.94655172      	6.71507807e-01
0.94827586      	6.71478907e-01
0.95            	6.71449393e-01
0.95172414      	6.71419312e-01
0.95344828      	6.71388760e-01
0.95517241      	6.71357818e-01
0.95689655      	6.71326548e-01
0.95862069      	6.71294977e-01
0.96034483      	6.71263083e-01
0.96206897      	6.71230749e-01
0.9637931       	6.71197848e-01
0.96551724      	6.71164352e-01
0.96724138      	6.71130289e-01
0.96896552      	6.71095733e-01
0.97068966      	6.71060726e-01
0.97241379      	6.71025292e-01
0.97413793      	6.70989450e-01
0.97586207      	6.70953224e-01
0.97758621      	6.70916611e-01
0.97931034      	6.70879468e-01
0.98103448      	6.70841942e-01
0.98275862      	6.70804098e-01
0.98448276      	6.70765966e-01
0.9862069       	6.70727555e-01
0.98793103      	6.70688881e-01
0.98965517      	6.70649988e-01
0.99137931      	6.70610933e-01
0.99310345      	6.70571773e-01
0.99482759      	6.70532547e-01
0.99655172      	6.70493266e-01
0.99827586      	6.70454014e-01
1               	6.70414854e-01
1.0017857       	6.70374314e-01
1.0035714       	6.70333789e-01
1.0053571       	6.70293341e-01
1.0071429       	6.70253005e-01
1.0089286       	6.70212827e-01
1.0107143       	6.70172853e-01
1.0125          	6.70133097e-01
1.0142857       	6.70093590e-01
1.0160714       	6.70054376e-01
1.0178571       	6.70015358e-01
1.0196429       	6.69976552e-01
1.0214286       	6.69937916e-01
1.0232143       	6.69899450e-01
1.025           	6.69861180e-01
1.0267857       	6.69823146e-01
1.0285714       	6.69785393e-01
1.0303571       	6.69747978e-01
1.0321429       	6.69710951e-01
1.0339286       	6.69674342e-01
1.0357143       	6.69638192e-01
1.0375          	6.69602532e-01
1.0392857       	6.69567315e-01
1.0410714       	6.69532625e-01
1.0428571       	6.69498452e-01
1.0446429       	6.69464812e-01
1.0464286       	6.69431726e-01
1.0482143       	6.69399213e-01
1.05            	6.69367278e-01
1.0517857       	6.69335931e-01
1.0535714       	6.69305173e-01
1.0553571       	6.69275013e-01
1.0571429       	6.69245377e-01
1.0589286       	6.69216224e-01
1.0607143       	6.69187546e-01
1.0625          	6.69159305e-01
1.0642857       	6.69131469e-01
1.0660714       	6.69104007e-01
1.0678571       	6.69076905e-01
1.0696429       	6.69050245e-01
1.0714286       	6.69024095e-01
1.0732143       	6.68998417e-01
1.075           	6.68973187e-01
1.0767857       	6.68948369e-01
1.0785714       	6.68923921e-01
1.0803571       	6.68899797e-01
1.0821429       	6.68875933e-01
1.0839286       	6.68852281e-01
1.0857143       	6.68828783e-01
1.0875          	6.68805369e-01
1.0892857       	6.68781998e-01
1.0910714       	6.68758634e-01
1.0928571       	6.68735252e-01
1.0946429       	6.68711831e-01
1.0964286       	6.68688352e-01
1.0982143       	6.68664795e-01
1.1             	6.68641162e-01
1.1017241       	6.68618301e-01
1.1033888       	6.68596245e-01
1.1050535       	6.68574234e-01
1.1066587       	6.68553068e-01
1.1082066       	6.68532740e-01
1.1096993       	6.68513203e-01
1.1111386       	6.68494417e-01
1.1125265       	6.68476280e-01
1.1139144       	6.68457971e-01
1.1152509       	6.68440179e-01
1.1165874       	6.68422212e-01
1.1178725       	6.68404778e-01
1.1191576       	6.68387187e-01
1.1204427       	6.68369426e-01
1.1217278       	6.68351500e-01
1.122957        	6.68334226e-01
1.1241863       	6.68316832e-01
1.1254155       	6.68299304e-01
1.1266447       	6.68281648e-01
1.1278739       	6.68263876e-01
1.1291032       	6.68245998e-01
1.1303324       	6.68228025e-01
1.1314893       	6.68211052e-01
1.1326462       	6.68194034e-01
1.1338031       	6.68176952e-01
1.1349601       	6.68159810e-01
1.136117        	6.68142620e-01
1.1372739       	6.68125387e-01
1.1383344       	6.68109587e-01
1.1393065       	6.68095129e-01
1.1401977       	6.68081908e-01
1.1410888       	6.68068684e-01
1.1418989       	6.68056658e-01
1.142574        	6.68046667e-01
1.1432491       	6.68036688e-01
1.1439242       	6.68026688e-01
1.1446836       	6.68015387e-01
1.1454431       	6.68004034e-01
1.1460941       	6.67994304e-01
1.1467451       	6.67984581e-01
1.1473961       	6.67974841e-01
1.1480471       	6.67965081e-01
1.148698        	6.67955304e-01
1.149349        	6.67945510e-01
1.15            	6.67935700e-01
1.1505952       	6.67926727e-01
1.1511905       	6.67917757e-01
1.1517857       	6.67908776e-01
1.152381        	6.67899786e-01
1.1529762       	6.67890788e-01
1.1535714       	6.67881783e-01
1.1541667       	6.67872772e-01
1.1547619       	6.67863757e-01
1.1553651       	6.67854619e-01
1.1559683       	6.67845477e-01
1.1565798       	6.67836207e-01
1.1571914       	6.67826937e-01
1.1578029       	6.67817671e-01
1.1584235       	6.67808284e-01
1.159044        	6.67798914e-01
1.1596741       	6.67789421e-01
1.1603142       	6.67779799e-01
1.1609543       	6.67770202e-01
1.161605        	6.67760474e-01
1.162267        	6.67750607e-01
1.162929        	6.67740772e-01
1.163591        	6.67730974e-01
1.1642652       	6.67721033e-01
1.1649524       	6.67710940e-01
1.1656534       	6.67700685e-01
1.1663689       	6.67690261e-01
1.1670845       	6.67679887e-01
1.167816        	6.67669337e-01
1.1685644       	6.67658595e-01
1.1693129       	6.67647912e-01
1.1700801       	6.67637026e-01
1.1708674       	6.67625917e-01
1.1716548       	6.67614877e-01
1.1724647       	6.67603597e-01
1.1732745       	6.67592392e-01
1.1740844       	6.67581268e-01
1.1749204       	6.67569867e-01
1.1757564       	6.67558546e-01
1.1765923       	6.67547314e-01
1.1774593       	6.67535754e-01
1.1783262       	6.67524279e-01
1.1791932       	6.67512898e-01
1.1800601       	6.67501599e-01
1.180891        	6.67490859e-01
1.1817596       	6.67479703e-01
1.1826282       	6.67468623e-01
1.1834968       	6.67457620e-01
1.1843653       	6.67446693e-01
1.1852339       	6.67435838e-01
1.1861025       	6.67425056e-01
1.187029        	6.67413610e-01
1.1879555       	6.67402228e-01
1.188882        	6.67390926e-01
1.1898085       	6.67379706e-01
1.190735        	6.67368563e-01
1.1916615       	6.67357492e-01
1.192588        	6.67346494e-01
1.1935145       	6.67335567e-01
1.194441        	6.67324711e-01
1.1953675       	6.67313925e-01
1.196294        	6.67303210e-01
1.1972205       	6.67292564e-01
1.198147        	6.67281989e-01
1.1990735       	6.67271483e-01
1.2             	6.67261050e-01
1.2010417       	6.67249402e-01
1.2021296       	6.67237317e-01
1.2032176       	6.67225357e-01
1.2043315       	6.67213255e-01
1.2054453       	6.67201301e-01
1.2065592       	6.67189502e-01
1.2077024       	6.67177552e-01
1.2088456       	6.67165762e-01
1.2099887       	6.67154140e-01
1.2111319       	6.67142688e-01
1.2122751       	6.67131405e-01
1.213454        	6.67119936e-01
1.2146329       	6.67108634e-01
1.2158118       	6.67097506e-01
1.2169907       	6.67086548e-01
1.2181696       	6.67075758e-01
1.2193485       	6.67065131e-01
1.2205746       	6.67054240e-01
1.2217516       	6.67043941e-01
1.2229286       	6.67033806e-01
1.2241056       	6.67023818e-01
1.2253387       	6.67013498e-01
1.226513        	6.67003809e-01
1.2276874       	6.66994271e-01
1.2288617       	6.66984865e-01
1.2300361       	6.66975586e-01
1.2312104       	6.66966431e-01
1.2323848       	6.66957398e-01
1.2334857       	6.66949048e-01
1.2346653       	6.66940215e-01
1.2358449       	6.66931479e-01
1.2370245       	6.66922853e-01
1.2381058       	6.66915056e-01
1.2392952       	6.66906587e-01
1.2404846       	6.66898200e-01
1.2416741       	6.66889917e-01
1.2428635       	6.66881737e-01
1.2440529       	6.66873657e-01
1.2452423       	6.66865676e-01
1.2464317       	6.66857792e-01
1.2476212       	6.66850003e-01
1.2488106       	6.66842308e-01
1.25            	6.66834706e-01
1.25125         	6.66826807e-01
1.2525329       	6.66818789e-01
1.2536906       	6.66811653e-01
1.2548484       	6.66804625e-01
1.2560366       	6.66797495e-01
1.2572248       	6.66790444e-01
1.2584469       	6.66783278e-01
1.2597061       	6.66775979e-01
1.2609653       	6.66768770e-01
1.2622664       	6.66761418e-01
1.2636141       	6.66753899e-01
1.2649617       	6.66746484e-01
1.2663093       	6.66739180e-01
1.2677131       	6.66731685e-01
1.2691169       	6.66724300e-01
1.2705207       	6.66717037e-01
1.2719244       	6.66709895e-01
1.2733282       	6.66702874e-01
1.274732        	6.66695977e-01
1.2760619       	6.66689563e-01
1.27747         	6.66682895e-01
1.2788781       	6.66676334e-01
1.2802863       	6.66669894e-01
1.2816944       	6.66663575e-01
1.2831025       	6.66657373e-01
1.2845106       	6.66651290e-01
1.2859188       	6.66645323e-01
1.2874833       	6.66638822e-01
1.2890479       	6.66632441e-01
1.2906125       	6.66626205e-01
1.2921771       	6.66620109e-01
1.2937417       	6.66614150e-01
1.2953063       	6.66608327e-01
1.2968708       	6.66602636e-01
1.2984354       	6.66597076e-01
1.3             	6.66591644e-01
1.3016667       	6.66585990e-01
1.3033333       	6.66580464e-01
1.305           	6.66575078e-01
1.3066667       	6.66569829e-01
1.3083333       	6.66564716e-01
1.31            	6.66559738e-01
1.3117391       	6.66554686e-01
1.3134783       	6.66549769e-01
1.3151383       	6.66545211e-01
1.3167984       	6.66540788e-01
1.3185459       	6.66536264e-01
1.3202933       	6.66531868e-01
1.3218568       	6.66528049e-01
1.3234203       	6.66524349e-01
1.3250816       	6.66520531e-01
1.326639        	6.66517046e-01
1.3281964       	6.66513665e-01
1.3298736       	6.66510133e-01
1.3317033       	6.66506393e-01
1.3337362       	6.66502375e-01
1.3357692       	6.66498505e-01
1.3378022       	6.66494794e-01
1.3398351       	6.66491242e-01
1.3418681       	6.66487844e-01
1.3439011       	6.66484598e-01
1.3459341       	6.66481501e-01
1.347967        	6.66478548e-01
1.35            	6.66475733e-01
1.3520833       	6.66472987e-01
1.3541667       	6.66470374e-01
1.35625         	6.66467891e-01
1.3583333       	6.66465533e-01
1.3604167       	6.66463294e-01
1.3623958       	6.66461274e-01
1.364375        	6.66459356e-01
1.3663542       	6.66457535e-01
1.3683333       	6.66455805e-01
1.3703125       	6.66454162e-01
1.3722917       	6.66452605e-01
1.3742708       	6.66451129e-01
1.37625         	6.66449727e-01
1.3782292       	6.66448393e-01
1.3802083       	6.66447123e-01
1.3821875       	6.66445911e-01
1.3841667       	6.66444753e-01
1.3861458       	6.66443645e-01
1.388125        	6.66442584e-01
1.3901042       	6.66441565e-01
1.3920833       	6.66440586e-01
1.3940625       	6.66439645e-01
1.3960417       	6.66438738e-01
1.3980208       	6.66437865e-01
1.4             	6.66437023e-01
1.4020833       	6.66436167e-01
1.4041667       	6.66435341e-01
1.40625         	6.66434543e-01
1.4083333       	6.66433772e-01
1.4105263       	6.66432986e-01
1.4127193       	6.66432225e-01
1.4149123       	6.66431487e-01
1.4171053       	6.66430770e-01
1.4192982       	6.66430072e-01
1.4214912       	6.66429391e-01
1.4236842       	6.66428724e-01
1.4258772       	6.66428071e-01
1.4280702       	6.66427429e-01
1.4302632       	6.66426799e-01
1.4324561       	6.66426179e-01
1.4346491       	6.66425569e-01
1.4368421       	6.66424969e-01
1.4390351       	6.66424377e-01
1.4412281       	6.66423793e-01
1.4434211       	6.66423215e-01
1.445614        	6.66422643e-01
1.447807        	6.66422076e-01
1.45            	6.66421513e-01
1.452381        	6.66420906e-01
1.4548872       	6.66420269e-01
1.4573935       	6.66419636e-01
1.4598997       	6.66419007e-01
1.462406        	6.66418381e-01
1.4649123       	6.66417758e-01
1.4676113       	6.66417089e-01
1.4703104       	6.66416424e-01
1.4730094       	6.66415762e-01
1.4757085       	6.66415105e-01
1.4784076       	6.66414454e-01
1.4811066       	6.66413809e-01
1.4838057       	6.66413170e-01
1.4865047       	6.66412537e-01
1.4892038       	6.66411912e-01
1.4919028       	6.66411294e-01
1.4946019       	6.66410684e-01
1.4973009       	6.66410083e-01
1.5             	6.66409491e-01
1.5027778       	6.66408891e-01
1.5055556       	6.66408301e-01
1.5083333       	6.66407721e-01
1.5111111       	6.66407152e-01
1.5138889       	6.66406593e-01
1.5166667       	6.66406043e-01
1.5194444       	6.66405502e-01
1.5222222       	6.66404971e-01
1.525           	6.66404449e-01
1.5277778       	6.66403937e-01
1.5305556       	6.66403434e-01
1.5333333       	6.66402941e-01
1.5361111       	6.66402457e-01
1.5388889       	6.66401984e-01
1.5416667       	6.66401522e-01
1.5444444       	6.66401071e-01
1.5472222       	6.66400629e-01
1.55            	6.66400199e-01
1.5526316       	6.66399802e-01
1.5552632       	6.66399415e-01
1.5578947       	6.66399038e-01
1.5605263       	6.66398671e-01
1.5631579       	6.66398314e-01
1.5657895       	6.66397966e-01
1.5684211       	6.66397627e-01
1.5710526       	6.66397296e-01
1.5736842       	6.66396973e-01
1.5763158       	6.66396658e-01
1.5789474       	6.66396349e-01
1.5815789       	6.66396046e-01
1.5842105       	6.66395750e-01
1.5868421       	6.66395459e-01
1.5894737       	6.66395173e-01
1.5921053       	6.66394892e-01
1.5947368       	6.66394616e-01
1.5973684       	6.66394345e-01
1.6             	6.66394078e-01
1.6026316       	6.66393815e-01
1.6052632       	6.66393556e-01
1.6078947       	6.66393302e-01
1.6105263       	6.66393052e-01
1.6131579       	6.66392807e-01
1.6157895       	6.66392566e-01
1.6184211       	6.66392331e-01
1.6210526       	6.66392100e-01
1.6236842       	6.66391875e-01
1.6260766       	6.66391675e-01
1.6284689       	6.66391480e-01
1.6308612       	6.66391288e-01
1.6332536       	6.66391100e-01
1.6356459       	6.66390915e-01
1.6380383       	6.66390734e-01
1.6404306       	6.66390556e-01
1.642823        	6.66390381e-01
1.6452153       	6.66390208e-01
1.6476077       	6.66390038e-01
1.65            	6.66389870e-01
1.6522727       	6.66389712e-01
1.6545455       	6.66389556e-01
1.6568182       	6.66389403e-01
1.6590909       	6.66389252e-01
1.6613636       	6.66389103e-01
1.6636364       	6.66388956e-01
1.6659091       	6.66388811e-01
1.6681818       	6.66388668e-01
1.6704545       	6.66388527e-01
1.6727273       	6.66388388e-01
1.675           	6.66388252e-01
1.6772727       	6.66388118e-01
1.6795455       	6.66387986e-01
1.6818182       	6.66387856e-01
1.6840909       	6.66387728e-01
1.6863636       	6.66387602e-01
1.6886364       	6.66387479e-01
1.6909091       	6.66387357e-01
1.6931818       	6.66387237e-01
1.6954545       	6.66387118e-01
1.6977273       	6.66387002e-01
1.7             	6.66386887e-01
1.7022727       	6.66386773e-01
1.7045455       	6.66386662e-01
1.7068182       	6.66386552e-01
1.7090909       	6.66386444e-01
1.7113636       	6.66386338e-01
1.7136364       	6.66386234e-01
1.7159091       	6.66386131e-01
1.7181818       	6.66386029e-01
1.7204545       	6.66385929e-01
1.7227273       	6.66385830e-01
1.725           	6.66385733e-01
1.7272727       	6.66385637e-01
1.7295455       	6.66385541e-01
1.7318182       	6.66385447e-01
1.7340909       	6.66385354e-01
1.7363636       	6.66385262e-01
1.7386364       	6.66385171e-01
1.7409091       	6.66385081e-01
1.7431818       	6.66384991e-01
1.7454545       	6.66384902e-01
1.7477273       	6.66384813e-01
1.75            	6.66384725e-01
1.7521739       	6.66384642e-01
1.7543478       	6.66384559e-01
1.7565217       	6.66384476e-01
1.7586957       	6.66384394e-01
1.7608696       	6.66384312e-01
1.7630435       	6.66384230e-01
1.7652174       	6.66384148e-01
1.7673913       	6.66384067e-01
1.7695652       	6.66383986e-01
1.7717391       	6.66383904e-01
1.7740942       	6.66383817e-01
1.7764493       	6.66383729e-01
1.7788043       	6.66383641e-01
1.7811594       	6.66383554e-01
1.7835145       	6.66383466e-01
1.7858696       	6.66383378e-01
1.7882246       	6.66383291e-01
1.7905797       	6.66383203e-01
1.7929348       	6.66383116e-01
1.7952899       	6.66383028e-01
1.7976449       	6.66382941e-01
1.8             	6.66382853e-01
1.8025          	6.66382760e-01
1.805           	6.66382667e-01
1.8075          	6.66382574e-01
1.81            	6.66382481e-01
1.8125          	6.66382388e-01
1.815           	6.66382295e-01
1.8175          	6.66382203e-01
1.82            	6.66382111e-01
1.8225          	6.66382019e-01
1.825           	6.66381928e-01
1.8275          	6.66381837e-01
1.83            	6.66381747e-01
1.8328571       	6.66381644e-01
1.8357143       	6.66381542e-01
1.8385714       	6.66381441e-01
1.8414286       	6.66381340e-01
1.8442857       	6.66381241e-01
1.8471429       	6.66381143e-01
1.85            	6.66381046e-01
1.8527778       	6.66380953e-01
1.8557292       	6.66380857e-01
1.8586806       	6.66380762e-01
1.8616319       	6.66380670e-01
1.8645833       	6.66380579e-01
1.8675347       	6.66380491e-01
1.8704861       	6.66380406e-01
1.8734375       	6.66380322e-01
1.8763889       	6.66380241e-01
1.8793403       	6.66380162e-01
1.8822917       	6.66380086e-01
1.8852431       	6.66380012e-01
1.8881944       	6.66379940e-01
1.8911458       	6.66379870e-01
1.8940972       	6.66379802e-01
1.8970486       	6.66379736e-01
1.9             	6.66379672e-01
1.9025          	6.66379620e-01
1.905           	6.66379569e-01
1.9075          	6.66379519e-01
1.91            	6.66379471e-01
1.9126667       	6.66379421e-01
1.9151556       	6.66379376e-01
1.9176444       	6.66379332e-01
1.9201333       	6.66379289e-01
1.9226222       	6.66379244e-01
1.9251111       	6.66379204e-01
1.9276          	6.66379166e-01
1.9300889       	6.66379128e-01
1.9325778       	6.66379092e-01
1.9350667       	6.66379056e-01
1.9375556       	6.66379022e-01
1.9400444       	6.66378989e-01
1.9425333       	6.66378957e-01
1.9450222       	6.66378925e-01
1.9475111       	6.66378895e-01
1.95            	6.66378865e-01
1.9526316       	6.66378835e-01
1.9552632       	6.66378805e-01
1.9580592       	6.66378774e-01
1.9608553       	6.66378744e-01
1.9638664       	6.66378713e-01
1.9668775       	6.66378683e-01
1.9698887       	6.66378654e-01
1.9726261       	6.66378630e-01
1.9753635       	6.66378606e-01
1.9781008       	6.66378583e-01
1.9808382       	6.66378561e-01
1.9835756       	6.66378539e-01
1.986313        	6.66378518e-01
1.9890504       	6.66378498e-01
1.9917878       	6.66378478e-01
1.9945252       	6.66378459e-01
1.9972626       	6.66378440e-01
2               	6.66378422e-01
2.002381        	6.66378407e-01
2.0047619       	6.66378392e-01
2.0071429       	6.66378377e-01
2.0095238       	6.66378363e-01
2.0119048       	6.66378349e-01
2.0142857       	6.66378336e-01
2.0166667       	6.66378322e-01
2.0190476       	6.66378309e-01
2.0214286       	6.66378297e-01
2.0238095       	6.66378284e-01
2.0261905       	6.66378272e-01
2.0285714       	6.66378260e-01
2.0309524       	6.66378248e-01
2.0333333       	6.66378236e-01
2.0357143       	6.66378225e-01
2.0380952       	6.66378214e-01
2.0404762       	6.66378203e-01
2.0428571       	6.66378193e-01
2.0452381       	6.66378183e-01
2.047619        	6.66378173e-01
2.05            	6.66378163e-01
2.0525          	6.66378153e-01
2.055           	6.66378144e-01
2.0575          	6.66378135e-01
2.06            	6.66378126e-01
2.0625          	6.66378117e-01
2.065           	6.66378109e-01
2.0676923       	6.66378100e-01
2.0703846       	6.66378092e-01
2.0730769       	6.66378084e-01
2.0757692       	6.66378076e-01
2.0784615       	6.66378069e-01
2.0811538       	6.66378062e-01
2.0838462       	6.66378055e-01
2.0865385       	6.66378048e-01
2.0892308       	6.66378041e-01
2.0919231       	6.66378035e-01
2.0946154       	6.66378030e-01
2.0973077       	6.66378024e-01
2.1             	6.66378018e-01
2.1026316       	6.66378013e-01
2.1052632       	6.66378008e-01
2.1078947       	6.66378003e-01
2.1105263       	6.66377998e-01
2.1131579       	6.66377988e-01
2.1157895       	6.66377979e-01
2.1184211       	6.66377970e-01
2.1210526       	6.66377962e-01
2.1236842       	6.66377955e-01
2.1263158       	6.66377948e-01
2.1289474       	6.66377942e-01
2.1315789       	6.66377936e-01
2.1342105       	6.66377931e-01
2.1368421       	6.66377926e-01
2.1394737       	6.66377922e-01
2.1421053       	6.66377919e-01
2.1447368       	6.66377916e-01
2.1473684       	6.66377914e-01
2.15            	6.66377912e-01
2.1527778       	6.66377910e-01
2.1555556       	6.66377909e-01
2.1583333       	6.66377909e-01
2.1611111       	6.66377908e-01
2.1638889       	6.66377909e-01
2.1668981       	6.66377906e-01
2.1699074       	6.66377904e-01
2.1729167       	6.66377901e-01
2.1759259       	6.66377899e-01
2.1789352       	6.66377902e-01
2.1819444       	6.66377905e-01
2.1849537       	6.66377907e-01
2.187963        	6.66377911e-01
2.1909722       	6.66377914e-01
2.1939815       	6.66377917e-01
2.1969907       	6.66377921e-01
2.2             	6.66377924e-01
2.203125        	6.66377928e-01
2.20625         	6.66377933e-01
2.209375        	6.66377937e-01
2.2125          	6.66377941e-01
2.215625        	6.66377946e-01
2.21875         	6.66377951e-01
2.221875        	6.66377955e-01
2.225           	6.66377960e-01
2.228125        	6.66377965e-01
2.23125         	6.66377969e-01
2.234375        	6.66377974e-01
2.2375          	6.66377979e-01
2.240625        	6.66377984e-01
2.24375         	6.66377989e-01
2.246875        	6.66377994e-01
2.25            	6.66377998e-01
2.253125        	6.66378003e-01
2.25625         	6.66378008e-01
2.2596154       	6.66378007e-01
2.2629808       	6.66378006e-01
2.2663462       	6.66378005e-01
2.2694056       	6.66378009e-01
2.272465        	6.66378012e-01
2.2755245       	6.66378015e-01
2.2785839       	6.66378017e-01
2.2816434       	6.66378019e-01
2.2847028       	6.66378021e-01
2.2877622       	6.66378022e-01
2.2908217       	6.66378023e-01
2.2938811       	6.66378024e-01
2.2969406       	6.66378025e-01
2.3             	6.66378026e-01
2.3029412       	6.66378026e-01
2.3058824       	6.66378026e-01
2.3088235       	6.66378026e-01
2.3117647       	6.66378026e-01
2.3147059       	6.66378026e-01
2.3176471       	6.66378026e-01
2.3205882       	6.66378025e-01
2.3235294       	6.66378025e-01
2.3264706       	6.66378024e-01
2.3294118       	6.66378022e-01
2.3323529       	6.66378021e-01
2.3352941       	6.66378020e-01
2.3382353       	6.66378018e-01
2.3411765       	6.66378016e-01
2.3441176       	6.66378015e-01
2.3470588       	6.66378013e-01
2.35            	6.66378011e-01
2.353125        	6.66378009e-01
2.35625         	6.66378007e-01
2.359375        	6.66378005e-01
2.3625          	6.66378004e-01
2.365625        	6.66378002e-01
2.36875         	6.66378001e-01
2.371875        	6.66378000e-01
2.375           	6.66377999e-01
2.378125        	6.66377998e-01
2.38125         	6.66377997e-01
2.384375        	6.66377996e-01
2.3875          	6.66377995e-01
2.390625        	6.66377994e-01
2.39375         	6.66377993e-01
2.396875        	6.66377991e-01
2.4             	6.66377990e-01
2.4033333       	6.66377988e-01
2.4066667       	6.66377986e-01
2.41            	6.66377984e-01
2.4133333       	6.66377982e-01
2.4166667       	6.66377979e-01
2.42            	6.66377977e-01
2.4233333       	6.66377974e-01
2.4266667       	6.66377971e-01
2.43            	6.66377968e-01
2.4333333       	6.66377965e-01
2.4366667       	6.66377962e-01
2.44            	6.66377959e-01
2.4433333       	6.66377956e-01
2.4466667       	6.66377953e-01
2.45            	6.66377950e-01
2.4533333       	6.66377948e-01
2.4566667       	6.66377945e-01
2.46            	6.66377943e-01
2.4633333       	6.66377942e-01
2.4666667       	6.66377940e-01
2.47            	6.66377939e-01
2.47375         	6.66377938e-01
2.4775          	6.66377938e-01
2.48125         	6.66377938e-01
2.485           	6.66377938e-01
2.48875         	6.66377938e-01
2.4925          	6.66377938e-01
2.49625         	6.66377938e-01
2.5             	6.66377937e-01
2.5038462       	6.66377937e-01
2.5071429       	6.66377937e-01
2.5104396       	6.66377937e-01
2.5137363       	6.66377938e-01
2.517033        	6.66377939e-01
2.5203297       	6.66377940e-01
2.5236264       	6.66377941e-01
2.5269231       	6.66377941e-01
2.5302198       	6.66377942e-01
2.5335165       	6.66377943e-01
2.5368132       	6.66377944e-01
2.5401099       	6.66377945e-01
2.5434066       	6.66377945e-01
2.5467033       	6.66377946e-01
2.55            	6.66377946e-01
2.5533333       	6.66377947e-01
2.5566667       	6.66377948e-01
2.56            	6.66377948e-01
2.5633333       	6.66377949e-01
2.5666667       	6.66377949e-01
2.57            	6.66377949e-01
2.5733333       	6.66377948e-01
2.5766667       	6.66377948e-01
2.58            	6.66377947e-01
2.5833333       	6.66377945e-01
2.5866667       	6.66377945e-01
2.59            	6.66377945e-01
2.5933333       	6.66377945e-01
2.5966667       	6.66377945e-01
2.6             	6.66377944e-01
2.6035714       	6.66377944e-01
2.6071429       	6.66377944e-01
2.6107143       	6.66377944e-01
2.6142857       	6.66377944e-01
2.6178571       	6.66377944e-01
2.6214286       	6.66377944e-01
2.625           	6.66377943e-01
2.6285714       	6.66377943e-01
2.6321429       	6.66377943e-01
2.6357143       	6.66377943e-01
2.6392857       	6.66377943e-01
2.6428571       	6.66377943e-01
2.6464286       	6.66377943e-01
2.65            	6.66377942e-01
2.6538462       	6.66377942e-01
2.658042        	6.66377942e-01
2.6622378       	6.66377942e-01
2.6664336       	6.66377942e-01
2.6706294       	6.66377942e-01
2.6748252       	6.66377942e-01
2.679021        	6.66377942e-01
2.6832168       	6.66377942e-01
2.6874126       	6.66377941e-01
2.6916084       	6.66377941e-01
2.6958042       	6.66377941e-01
2.7             	6.66377941e-01
2.7035714       	6.66377941e-01
2.7071429       	6.66377941e-01
2.7107143       	6.66377941e-01
2.7142857       	6.66377941e-01
2.7178571       	6.66377941e-01
2.7214286       	6.66377941e-01
2.725           	6.66377941e-01
2.7291667       	6.66377941e-01
2.7333333       	6.66377941e-01
2.7375          	6.66377941e-01
2.7416667       	6.66377941e-01
2.7458333       	6.66377941e-01
2.75            	6.66377941e-01
2.7541667       	6.66377941e-01
2.7576923       	6.66377941e-01
2.7612179       	6.66377941e-01
2.7647436       	6.66377941e-01
2.7682692       	6.66377941e-01
2.7722356       	6.66377941e-01
2.7762019       	6.66377941e-01
2.7809615       	6.66377941e-01
2.7857212       	6.66377942e-01
2.7904808       	6.66377942e-01
2.7952404       	6.66377942e-01
2.8             	6.66377942e-01
2.805           	6.66377943e-01
2.81            	6.66377943e-01
2.815           	6.66377943e-01
2.82            	6.66377944e-01
2.825           	6.66377944e-01
2.83            	6.66377945e-01
2.835           	6.66377945e-01
2.84            	6.66377945e-01
2.845           	6.66377946e-01
2.85            	6.66377946e-01
2.8555556       	6.66377946e-01
2.8611111       	6.66377947e-01
2.8659722       	6.66377947e-01
2.8708333       	6.66377947e-01
2.8756944       	6.66377947e-01
2.8805556       	6.66377947e-01
2.8854167       	6.66377947e-01
2.8902778       	6.66377947e-01
2.8951389       	6.66377947e-01
2.9             	6.66377947e-01
2.905           	6.66377947e-01
2.91            	6.66377947e-01
2.9144444       	6.66377947e-01
2.9188889       	6.66377947e-01
2.9233333       	6.66377946e-01
2.9277778       	6.66377946e-01
2.9322222       	6.66377946e-01
2.9366667       	6.66377945e-01
2.9411111       	6.66377945e-01
2.9455556       	6.66377944e-01
2.95            	6.66377944e-01
2.955           	6.66377943e-01
2.96            	6.66377942e-01
2.965           	6.66377941e-01
2.97            	6.66377945e-01
2.975           	6.66377949e-01
2.98            	6.66377953e-01
2.985           	6.66377956e-01
2.99            	6.66377958e-01
2.995           	6.66377960e-01
3               	6.66377961e-01
3.005           	6.66377953e-01
3.01            	6.66377944e-01
3.015           	6.66377931e-01
3.02            	6.66377915e-01
3.025           	6.66377894e-01
3.03            	6.66377866e-01
3.035           	6.66377830e-01
3.04            	6.66377786e-01
3.045           	6.66377727e-01
3.05            	6.66377647e-01
3.055           	6.66377539e-01
3.06            	6.66377396e-01
3.065           	6.66377208e-01
3.07            	6.66376965e-01
3.075           	6.66376652e-01
3.08            	6.66376251e-01
3.085           	6.66375735e-01
3.09            	6.66375084e-01
3.095           	6.66374272e-01
3.1             	6.66373284e-01
3.1055556       	6.66371982e-01
3.1111111       	6.66370511e-01
3.1166667       	6.66368892e-01
3.1222222       	6.66367135e-01
3.1268519       	6.66365596e-01
3.1314815       	6.66363992e-01
3.1361111       	6.66362333e-01
3.1407407       	6.66360625e-01
3.1453704       	6.66358859e-01
3.15            	6.66357025e-01
3.1538462       	6.66355457e-01
3.1576923       	6.66353852e-01
3.1615385       	6.66352206e-01
3.1653846       	6.66350517e-01
3.1692308       	6.66348781e-01
3.1730769       	6.66346991e-01
3.1769231       	6.66345138e-01
3.1807692       	6.66343221e-01
3.1846154       	6.66341246e-01
3.1884615       	6.66339215e-01
3.1923077       	6.66337140e-01
3.1961538       	6.66335026e-01
3.2             	6.66332850e-01
3.2038462       	6.66330608e-01
3.2076923       	6.66328286e-01
3.2115385       	6.66325875e-01
3.215812        	6.66323083e-01
3.2200855       	6.66320191e-01
3.224359        	6.66317226e-01
3.2286325       	6.66314205e-01
3.232906        	6.66311138e-01
3.2371795       	6.66308018e-01
3.241453        	6.66304836e-01
3.2457265       	6.66301596e-01
3.25            	6.66298292e-01
3.2545455       	6.66294695e-01
3.2590909       	6.66291008e-01
3.2642045       	6.66286726e-01
3.268679        	6.66282865e-01
3.2731534       	6.66278888e-01
3.2776278       	6.66274792e-01
3.2821023       	6.66270598e-01
3.2865767       	6.66266324e-01
3.2910511       	6.66261987e-01
3.2955256       	6.66257601e-01
3.3             	6.66253181e-01
3.3045455       	6.66248660e-01
3.3090909       	6.66244114e-01
3.3136364       	6.66239542e-01
3.3188312       	6.66234245e-01
3.3232839       	6.66229678e-01
3.3277365       	6.66225116e-01
3.3321892       	6.66220564e-01
3.3366419       	6.66216021e-01
3.3410946       	6.66211478e-01
3.3455473       	6.66206926e-01
3.35            	6.66202365e-01
3.3545455       	6.66197674e-01
3.3590909       	6.66192933e-01
3.3636364       	6.66188125e-01
3.3681818       	6.66183167e-01
3.3727273       	6.66177996e-01
3.3772727       	6.66172572e-01
3.3829545       	6.66165335e-01
3.3886364       	6.66157454e-01
3.3943182       	6.66148808e-01
3.4             	6.66139436e-01
3.405           	6.66130586e-01
3.4095          	6.66122238e-01
3.414           	6.66113586e-01
3.4185          	6.66104650e-01
3.423           	6.66095513e-01
3.4275          	6.66086256e-01
3.432           	6.66076946e-01
3.4365          	6.66067615e-01
3.441           	6.66058271e-01
3.4455          	6.66048921e-01
3.45            	6.66039619e-01
3.455           	6.66029421e-01
3.46            	6.66019402e-01
3.465           	6.66009679e-01
3.47            	6.66000344e-01
3.475           	6.65991418e-01
3.48            	6.65982914e-01
3.485           	6.65974829e-01
3.49            	6.65967141e-01
3.495           	6.65959855e-01
3.5             	6.65952966e-01
3.505           	6.65946476e-01
3.51            	6.65940419e-01
3.515           	6.65934755e-01
3.52            	6.65929479e-01
3.525           	6.65924566e-01
3.53            	6.65919995e-01
3.535           	6.65915745e-01
3.54            	6.65911806e-01
3.545           	6.65908152e-01
3.55            	6.65904764e-01
3.555           	6.65901623e-01
3.56            	6.65898717e-01
3.565           	6.65896022e-01
3.57            	6.65893518e-01
3.575           	6.65891193e-01
3.58            	6.65889034e-01
3.585           	6.65887029e-01
3.59            	6.65885172e-01
3.595           	6.65883450e-01
3.6             	6.65881854e-01
3.605           	6.65880381e-01
3.61            	6.65879024e-01
3.615           	6.65877775e-01
3.62            	6.65876625e-01
3.625           	6.65875567e-01
3.63            	6.65874593e-01
3.635           	6.65873698e-01
3.64            	6.65872876e-01
3.645           	6.65872120e-01
3.65            	6.65871425e-01
3.655           	6.65870786e-01
3.66            	6.65870200e-01
3.665           	6.65869661e-01
3.67            	6.65869167e-01
3.675           	6.65868714e-01
3.68            	6.65868298e-01
3.685           	6.65867918e-01
3.69            	6.65867569e-01
3.695           	6.65867249e-01
3.7             	6.65866956e-01
3.705           	6.65866686e-01
3.71            	6.65866439e-01
3.715           	6.65866211e-01
3.72            	6.65866002e-01
3.725           	6.65865810e-01
3.73            	6.65865632e-01
3.735           	6.65865468e-01
3.74            	6.65865315e-01
3.745           	6.65865174e-01
3.75            	6.65865042e-01
3.755           	6.65864918e-01
3.76            	6.65864802e-01
3.765           	6.65864693e-01
3.77            	6.65864592e-01
3.775           	6.65864497e-01
3.78            	6.65864409e-01
3.785           	6.65864327e-01
3.79            	6.65864251e-01
3.795           	6.65864180e-01
3.8             	6.65864113e-01
3.805           	6.65864052e-01
3.81            	6.65863993e-01
3.815           	6.65863939e-01
3.82            	6.65863888e-01
3.825           	6.65863840e-01
3.83            	6.65863795e-01
3.835           	6.65863753e-01
3.84            	6.65863713e-01
3.845           	6.65863675e-01
3.85            	6.65863640e-01
3.855           	6.65863606e-01
3.86            	6.65863575e-01
3.865           	6.65863545e-01
3.87            	6.65863517e-01
3.875           	6.65863491e-01
3.88            	6.65863466e-01
3.885           	6.65863443e-01
3.89            	6.65863421e-01
3.895           	6.65863400e-01
3.9             	6.65863381e-01
3.905           	6.65863363e-01
3.91            	6.65863346e-01
3.915           	6.65863330e-01
3.92            	6.65863315e-01
3.925           	6.65863301e-01
3.93            	6.65863288e-01
3.935           	6.65863276e-01
3.94            	6.65863265e-01
3.945           	6.65863254e-01
3.95            	6.65863244e-01
3.955           	6.65863235e-01
3.96            	6.65863227e-01
3.965           	6.65863219e-01
3.97            	6.65863212e-01
3.975           	6.65863205e-01
3.98            	6.65863199e-01
3.985           	6.65863193e-01
3.99            	6.65863188e-01
3.995           	6.65863183e-01
4               	6.65863179e-01
4.005           	6.65863175e-01
4.01            	6.65863171e-01
4.015           	6.65863167e-01
4.02            	6.65863164e-01
4.025           	6.65863161e-01
4.03            	6.65863159e-01
4.035           	6.65863156e-01
4.04            	6.65863154e-01
4.045           	6.65863152e-01
4.05            	6.65863150e-01
4.055           	6.65863148e-01
4.06            	6.65863146e-01
4.065           	6.65863145e-01
4.07            	6.65863143e-01
4.075           	6.65863142e-01
4.08            	6.65863141e-01
4.085           	6.65863140e-01
4.09            	6.65863139e-01
4.095           	6.65863138e-01
4.1             	6.65863137e-01
4.1045455       	6.65863137e-01
4.1090909       	6.65863136e-01
4.1136364       	6.65863136e-01
4.1181818       	6.65863136e-01
4.1227273       	6.65863136e-01
4.1272727       	6.65863135e-01
4.1318182       	6.65863135e-01
4.1363636       	6.65863135e-01
4.1409091       	6.65863136e-01
4.1454545       	6.65863136e-01
4.15            	6.65863136e-01
4.1545455       	6.65863136e-01
4.1590909       	6.65863136e-01
4.1636364       	6.65863135e-01
4.1681818       	6.65863135e-01
4.1727273       	6.65863134e-01
4.1772727       	6.65863134e-01
4.1818182       	6.65863133e-01
4.1863636       	6.65863133e-01
4.1909091       	6.65863132e-01
4.1954545       	6.65863132e-01
4.2             	6.65863131e-01
4.2045455       	6.65863131e-01
4.2090909       	6.65863130e-01
4.2136364       	6.65863129e-01
4.2181818       	6.65863129e-01
4.2227273       	6.65863128e-01
4.2272727       	6.65863127e-01
4.2318182       	6.65863127e-01
4.2363636       	6.65863126e-01
4.2409091       	6.65863126e-01
4.2454545       	6.65863125e-01
4.25            	6.65863125e-01
4.2545455       	6.65863124e-01
4.2590909       	6.65863124e-01
4.2636364       	6.65863124e-01
4.2681818       	6.65863128e-01
4.2727273       	6.65863126e-01
4.2772727       	6.65863125e-01
4.2818182       	6.65863124e-01
4.2863636       	6.65863123e-01
4.2909091       	6.65863122e-01
4.2954545       	6.65863122e-01
4.3             	6.65863121e-01
4.3045455       	6.65863120e-01
4.3090909       	6.65863119e-01
4.3136364       	6.65863119e-01
4.3181818       	6.65863118e-01
4.3227273       	6.65863117e-01
4.3272727       	6.65863117e-01
4.3318182       	6.65863116e-01
4.3363636       	6.65863115e-01
4.3409091       	6.65863114e-01
4.3454545       	6.65863114e-01
4.35            	6.65863113e-01
4.355           	6.65863112e-01
4.36            	6.65863111e-01
4.365           	6.65863111e-01
4.37            	6.65863110e-01
4.375           	6.65863109e-01
4.38            	6.65863109e-01
4.385           	6.65863108e-01
4.39            	6.65863108e-01
4.395           	6.65863107e-01
4.4             	6.65863107e-01
4.405           	6.65863107e-01
4.41            	6.65863106e-01
4.415           	6.65863106e-01
4.42            	6.65863106e-01
4.425           	6.65863106e-01
4.43            	6.65863106e-01
4.435           	6.65863105e-01
4.44            	6.65863105e-01
4.445           	6.65863105e-01
4.45            	6.65863105e-01
4.455           	6.65863105e-01
4.46            	6.65863105e-01
4.465           	6.65863104e-01
4.47            	6.65863100e-01
4.475           	6.65863095e-01
4.48            	6.65863091e-01
4.485           	6.65863086e-01
4.49            	6.65863082e-01
4.495           	6.65863078e-01
4.5             	6.65863074e-01
4.5055556       	6.65863074e-01
4.5111111       	6.65863074e-01
4.5166667       	6.65863074e-01
4.5222222       	6.65863073e-01
4.5277778       	6.65863073e-01
4.5333333       	6.65863073e-01
4.5388889       	6.65863073e-01
4.5444444       	6.65863073e-01
4.55            	6.65863073e-01
4.5555556       	6.65863072e-01
4.5611111       	6.65863072e-01
4.5666667       	6.65863072e-01
4.5722222       	6.65863072e-01
4.5777778       	6.65863072e-01
4.5833333       	6.65863072e-01
4.5888889       	6.65863071e-01
4.5944444       	6.65863071e-01
4.6             	6.65863071e-01
4.6055556       	6.65863071e-01
4.6111111       	6.65863071e-01
4.6166667       	6.65863071e-01
4.6222222       	6.65863070e-01
4.6277778       	6.65863070e-01
4.6333333       	6.65863070e-01
4.6388889       	6.65863070e-01
4.6444444       	6.65863069e-01
4.65            	6.65863069e-01
4.6555556       	6.65863069e-01
4.6611111       	6.65863069e-01
4.6666667       	6.65863068e-01
4.6722222       	6.65863068e-01
4.6777778       	6.65863068e-01
4.6833333       	6.65863067e-01
4.6888889       	6.65863067e-01
4.6944444       	6.65863066e-01
4.7             	6.65863066e-01
4.7055556       	6.65863065e-01
4.7111111       	6.65863065e-01
4.7166667       	6.65863064e-01
4.7222222       	6.65863063e-01
4.7277778       	6.65863062e-01
4.7333333       	6.65863061e-01
4.7388889       	6.65863060e-01
4.7444444       	6.65863060e-01
4.75            	6.65863059e-01
4.75625         	6.65863057e-01
4.7625          	6.65863055e-01
4.76875         	6.65863054e-01
4.775           	6.65863052e-01
4.78125         	6.65863051e-01
4.7875          	6.65863049e-01
4.79375         	6.65863048e-01
4.8             	6.65863047e-01
4.80625         	6.65863045e-01
4.8125          	6.65863048e-01
4.81875         	6.65863049e-01
4.825           	6.65863051e-01
4.83125         	6.65863052e-01
4.8375          	6.65863054e-01
4.84375         	6.65863054e-01
4.85            	6.65863054e-01
4.85625         	6.65863054e-01
4.8625          	6.65863053e-01
4.86875         	6.65863053e-01
4.875           	6.65863052e-01
4.88125         	6.65863051e-01
4.8875          	6.65863050e-01
4.89375         	6.65863049e-01
4.9             	6.65863047e-01
4.9071429       	6.65863045e-01
4.9142857       	6.65863042e-01
4.9214286       	6.65863040e-01
4.9285714       	6.65863037e-01
4.9357143       	6.65863035e-01
4.9428571       	6.65863032e-01
4.95            	6.65863030e-01
4.9571429       	6.65863028e-01
4.9642857       	6.65863025e-01
4.9714286       	6.65863024e-01
4.9785714       	6.65863022e-01
4.9857143       	6.65863022e-01
4.9928571       	6.65863022e-01
5               	6.65863018e-01
5.0071429       	6.65863014e-01
5.0142857       	6.65863010e-01
5.0214286       	6.65863006e-01
5.0285714       	6.65863000e-01
5.0357143       	6.65862993e-01
5.0428571       	6.65862985e-01
5.05            	6.65862975e-01
5.0571429       	6.65862963e-01
5.0642857       	6.65862950e-01
5.0714286       	6.65862937e-01
5.0785714       	6.65862925e-01
5.0857143       	6.65862914e-01
5.0928571       	6.65862905e-01
5.1             	6.65862899e-01
5.1071429       	6.65862893e-01
5.1142857       	6.65862889e-01
5.1214286       	6.65862885e-01
5.1285714       	6.65862881e-01
5.1357143       	6.65862877e-01
5.1428571       	6.65862873e-01
5.15            	6.65862870e-01
5.1555556       	6.65862869e-01
5.1611111       	6.65862868e-01
5.1666667       	6.65862867e-01
5.1722222       	6.65862866e-01
5.1777778       	6.65862865e-01
5.1833333       	6.65862864e-01
5.1888889       	6.65862863e-01
5.1944444       	6.65862862e-01
5.2             	6.65862861e-01
5.2045455       	6.65862861e-01
5.2090909       	6.65862861e-01
5.2136364       	6.65862860e-01
5.2181818       	6.65862860e-01
5.2227273       	6.65862860e-01
5.2272727       	6.65862859e-01
5.2318182       	6.65862859e-01
5.2363636       	6.65862858e-01
5.2409091       	6.65862858e-01
5.2454545       	6.65862858e-01
5.25            	6.65862857e-01
5.2538462       	6.65862857e-01
5.2576923       	6.65862857e-01
5.2615385       	6.65862857e-01
5.2653846       	6.65862856e-01
5.2692308       	6.65862856e-01
5.2730769       	6.65862856e-01
5.2769231       	6.65862856e-01
5.2807692       	6.65862856e-01
5.2846154       	6.65862855e-01
5.2884615       	6.65862855e-01
5.2923077       	6.65862855e-01
5.2961538       	6.65862855e-01
5.3             	6.65862854e-01
5.3035714       	6.65862841e-01
5.3071429       	6.65862828e-01
5.3107143       	6.65862814e-01
5.3142857       	6.65862800e-01
5.3178571       	6.65862785e-01
5.3214286       	6.65862770e-01
5.325           	6.65862755e-01
5.3285714       	6.65862739e-01
5.3321429       	6.65862723e-01
5.3357143       	6.65862707e-01
5.3392857       	6.65862691e-01
5.3428571       	6.65862676e-01
5.3464286       	6.65862661e-01
5.35            	6.65862647e-01
5.3533333       	6.65862636e-01
5.3566667       	6.65862626e-01
5.36            	6.65862616e-01
5.3633333       	6.65862606e-01
5.3666667       	6.65862596e-01
5.37            	6.65862585e-01
5.3733333       	6.65862575e-01
5.3766667       	6.65862565e-01
5.38            	6.65862555e-01
5.3833333       	6.65862544e-01
5.3866667       	6.65862534e-01
5.39            	6.65862523e-01
5.3933333       	6.65862512e-01
5.3966667       	6.65862501e-01
5.4             	6.65862490e-01
5.4035714       	6.65862474e-01
5.4071429       	6.65862458e-01
5.4107143       	6.65862442e-01
5.4142857       	6.65862427e-01
5.4178571       	6.65862411e-01
5.4214286       	6.65862396e-01
5.425           	6.65862381e-01
5.4285714       	6.65862366e-01
5.4316327       	6.65862358e-01
5.4346939       	6.65862350e-01
5.4377551       	6.65862343e-01
5.4408163       	6.65862336e-01
5.4438776       	6.65862328e-01
5.4469388       	6.65862320e-01
5.45            	6.65862313e-01
5.4533333       	6.65862312e-01
5.4566667       	6.65862312e-01
5.46            	6.65862312e-01
5.4633333       	6.65862312e-01
5.4666667       	6.65862312e-01
5.47            	6.65862312e-01
5.4733333       	6.65862312e-01
5.4766667       	6.65862311e-01
5.48            	6.65862311e-01
5.4833333       	6.65862311e-01
5.4866667       	6.65862311e-01
5.49            	6.65862311e-01
5.4933333       	6.65862310e-01
5.4966667       	6.65862310e-01
5.5             	6.65862310e-01
5.5033333       	6.65862307e-01
5.5066667       	6.65862307e-01
5.5102778       	6.65862307e-01
5.51425         	6.65862307e-01
5.5182222       	6.65862306e-01
5.5221944       	6.65862306e-01
5.5261667       	6.65862305e-01
5.5301389       	6.65862303e-01
5.5341111       	6.65862302e-01
5.5380833       	6.65862300e-01
5.5420556       	6.65862298e-01
5.5460278       	6.65862296e-01
5.55            	6.65862294e-01
5.5535714       	6.65862293e-01
5.5571429       	6.65862291e-01
5.5607143       	6.65862290e-01
5.5642857       	6.65862289e-01
5.5678571       	6.65862287e-01
5.5714286       	6.65862286e-01
5.575           	6.65862285e-01
5.5785714       	6.65862284e-01
5.5821429       	6.65862283e-01
5.5857143       	6.65862283e-01
5.5892857       	6.65862282e-01
5.5928571       	6.65862281e-01
5.5964286       	6.65862281e-01
5.6             	6.65862280e-01
5.6035714       	6.65862280e-01
5.6071429       	6.65862279e-01
5.6107143       	6.65862277e-01
5.6142857       	6.65862277e-01
5.6178571       	6.65862276e-01
5.6214286       	6.65862276e-01
5.625           	6.65862275e-01
5.6285714       	6.65862274e-01
5.6321429       	6.65862273e-01
5.6357143       	6.65862272e-01
5.6392857       	6.65862271e-01
5.6428571       	6.65862269e-01
5.6464286       	6.65862268e-01
5.65            	6.65862267e-01
5.6538462       	6.65862265e-01
5.6576923       	6.65862263e-01
5.6615385       	6.65862261e-01
5.6653846       	6.65862259e-01
5.6692308       	6.65862257e-01
5.6730769       	6.65862255e-01
5.6769231       	6.65862253e-01
5.6807692       	6.65862250e-01
5.6846154       	6.65862248e-01
5.6884615       	6.65862245e-01
5.6923077       	6.65862243e-01
5.6961538       	6.65862240e-01
5.7             	6.65862237e-01
5.7038462       	6.65862235e-01
5.7076923       	6.65862232e-01
5.7115385       	6.65862229e-01
5.7153846       	6.65862226e-01
5.7192308       	6.65862224e-01
5.7230769       	6.65862221e-01
5.7269231       	6.65862218e-01
5.7307692       	6.65862214e-01
5.7346154       	6.65862210e-01
5.7384615       	6.65862206e-01
5.7423077       	6.65862201e-01
5.7461538       	6.65862195e-01
5.75            	6.65862188e-01
5.7541667       	6.65862178e-01
5.7583333       	6.65862164e-01
5.7625          	6.65862148e-01
5.7666667       	6.65862126e-01
5.7708333       	6.65862097e-01
5.775           	6.65862064e-01
5.7791667       	6.65862018e-01
5.7833333       	6.65861958e-01
5.7875          	6.65861880e-01
5.7916667       	6.65861782e-01
5.7958333       	6.65861656e-01
5.8             	6.65861497e-01
5.8041667       	6.65861294e-01
5.8083333       	6.65861037e-01
5.8125          	6.65860714e-01
5.8166667       	6.65860309e-01
5.8208333       	6.65859798e-01
5.825           	6.65859162e-01
5.8291667       	6.65858377e-01
5.8333333       	6.65857413e-01
5.8375          	6.65856231e-01
5.8416667       	6.65854816e-01
5.8458333       	6.65853146e-01
5.85            	6.65851208e-01
5.8545455       	6.65848748e-01
5.8590909       	6.65845917e-01
5.8636364       	6.65842722e-01
5.8681818       	6.65839168e-01
5.8727273       	6.65835277e-01
5.8772727       	6.65831081e-01
5.8818182       	6.65826608e-01
5.8863636       	6.65821873e-01
5.8909091       	6.65816915e-01
5.8954545       	6.65811790e-01
5.9             	6.65806527e-01
5.9045455       	6.65801144e-01
5.9090909       	6.65795674e-01
5.9136364       	6.65790145e-01
5.9181818       	6.65784575e-01
5.9227273       	6.65778974e-01
5.9272727       	6.65773374e-01
5.9318182       	6.65767777e-01
5.9363636       	6.65762156e-01
5.9409091       	6.65756531e-01
5.9454545       	6.65750925e-01
5.95            	6.65745369e-01
5.9545455       	6.65739903e-01
5.9590909       	6.65734540e-01
5.9636364       	6.65729296e-01
5.9681818       	6.65724171e-01
5.9727273       	6.65719118e-01
5.9772727       	6.65714141e-01
5.9818182       	6.65709244e-01
5.9863636       	6.65704420e-01
5.9909091       	6.65699673e-01
5.9954545       	6.65695004e-01
6               	6.65690404e-01
6.0045455       	6.65685854e-01
6.0090909       	6.65681355e-01
6.0136364       	6.65676917e-01
6.0181818       	6.65672543e-01
6.0227273       	6.65668234e-01
6.0272727       	6.65663990e-01
6.0318182       	6.65659811e-01
6.0363636       	6.65655696e-01
6.0409091       	6.65651645e-01
6.0454545       	6.65647659e-01
6.05            	6.65643728e-01
6.055           	6.65639463e-01
6.06            	6.65635257e-01
6.065           	6.65631124e-01
6.07            	6.65627078e-01
6.075           	6.65623130e-01
6.08            	6.65619291e-01
6.085           	6.65615571e-01
6.09            	6.65611974e-01
6.095           	6.65608500e-01
6.1             	6.65605150e-01
6.105           	6.65601924e-01
6.11            	6.65598822e-01
6.115           	6.65595843e-01
6.12            	6.65592988e-01
6.125           	6.65590255e-01
6.13            	6.65587646e-01
6.135           	6.65585161e-01
6.14            	6.65582799e-01
6.145           	6.65580561e-01
6.15            	6.65578449e-01
6.155           	6.65576458e-01
6.16            	6.65574586e-01
6.165           	6.65572824e-01
6.17            	6.65571162e-01
6.175           	6.65569596e-01
6.18            	6.65568117e-01
6.185           	6.65566718e-01
6.19            	6.65565393e-01
6.195           	6.65564136e-01
6.2             	6.65562946e-01
6.205           	6.65561820e-01
6.21            	6.65560757e-01
6.215           	6.65559756e-01
6.22            	6.65558814e-01
6.225           	6.65557925e-01
6.23            	6.65557089e-01
6.235           	6.65556302e-01
6.24            	6.65555565e-01
6.245           	6.65554876e-01
6.25            	6.65554234e-01
6.2555556       	6.65553571e-01
6.2611111       	6.65552959e-01
6.2666667       	6.65552398e-01
6.2722222       	6.65551885e-01
6.2777778       	6.65551417e-01
6.2833333       	6.65550992e-01
6.2888889       	6.65550605e-01
6.2944444       	6.65550252e-01
6.3             	6.65549930e-01
6.3055556       	6.65549634e-01
6.3111111       	6.65549372e-01
6.3166667       	6.65549133e-01
6.3222222       	6.65548914e-01
6.3277778       	6.65548715e-01
6.3333333       	6.65548534e-01
6.3388889       	6.65548370e-01
6.3444444       	6.65548221e-01
6.35            	6.65548087e-01
6.3555556       	6.65547966e-01
6.3611111       	6.65547858e-01
6.3666667       	6.65547761e-01
6.3722222       	6.65547675e-01
6.3777778       	6.65547599e-01
6.3833333       	6.65547532e-01
6.3888889       	6.65547472e-01
6.3944444       	6.65547420e-01
6.4             	6.65547373e-01
6.4055556       	6.65547333e-01
6.4111111       	6.65547297e-01
6.4166667       	6.65547266e-01
6.4222222       	6.65547239e-01
6.4277778       	6.65547214e-01
6.4333333       	6.65547192e-01
6.4388889       	6.65547172e-01
6.4444444       	6.65547154e-01
6.45            	6.65547138e-01
6.45625         	6.65547122e-01
6.4625          	6.65547108e-01
6.46875         	6.65547095e-01
6.475           	6.65547083e-01
6.48125         	6.65547071e-01
6.4875          	6.65547061e-01
6.49375         	6.65547051e-01
6.5             	6.65547042e-01
6.5071429       	6.65547033e-01
6.5142857       	6.65547024e-01
6.5214286       	6.65547016e-01
6.5285714       	6.65547009e-01
6.5357143       	6.65547001e-01
6.5428571       	6.65546991e-01
6.55            	6.65546983e-01
6.55625         	6.65546976e-01
6.5625          	6.65546969e-01
6.5678571       	6.65546963e-01
6.5732143       	6.65546958e-01
6.5785714       	6.65546954e-01
6.5839286       	6.65546949e-01
6.5892857       	6.65546937e-01
6.5946429       	6.65546925e-01
6.6             	6.65546913e-01
6.6045455       	6.65546904e-01
6.6090909       	6.65546896e-01
6.6136364       	6.65546887e-01
6.6181818       	6.65546879e-01
6.6227273       	6.65546870e-01
6.6272727       	6.65546861e-01
6.6318182       	6.65546851e-01
6.6363636       	6.65546841e-01
6.6409091       	6.65546830e-01
6.6454545       	6.65546818e-01
6.65            	6.65546805e-01
6.6545455       	6.65546792e-01
6.6590909       	6.65546777e-01
6.6636364       	6.65546761e-01
6.6681818       	6.65546743e-01
6.6727273       	6.65546725e-01
6.6772727       	6.65546705e-01
6.6818182       	6.65546684e-01
6.6863636       	6.65546661e-01
6.6909091       	6.65546657e-01
6.6954545       	6.65546654e-01
6.7             	6.65546650e-01
6.7045455       	6.65546646e-01
6.7090909       	6.65546642e-01
6.7136364       	6.65546638e-01
6.7181818       	6.65546633e-01
6.7227273       	6.65546628e-01
6.7272727       	6.65546621e-01
6.7318182       	6.65546618e-01
6.7363636       	6.65546620e-01
6.7409091       	6.65546619e-01
6.7454545       	6.65546617e-01
6.75            	6.65546615e-01
6.755           	6.65546613e-01
6.76            	6.65546610e-01
6.765           	6.65546608e-01
6.77            	6.65546605e-01
6.775           	6.65546603e-01
6.78            	6.65546600e-01
6.785           	6.65546597e-01
6.79            	6.65546595e-01
6.795           	6.65546593e-01
6.8             	6.65546590e-01
6.8055556       	6.65546588e-01
6.8111111       	6.65546586e-01
6.8166667       	6.65546583e-01
6.8222222       	6.65546581e-01
6.8277778       	6.65546579e-01
6.8333333       	6.65546578e-01
6.8388889       	6.65546576e-01
6.8444444       	6.65546575e-01
6.85            	6.65546573e-01
6.85625         	6.65546572e-01
6.8625          	6.65546570e-01
6.86875         	6.65546569e-01
6.875           	6.65546567e-01
6.88125         	6.65546565e-01
6.8875          	6.65546564e-01
6.89375         	6.65546562e-01
6.9             	6.65546560e-01
6.9071429       	6.65546558e-01
6.9142857       	6.65546556e-01
6.9214286       	6.65546544e-01
6.9285714       	6.65546537e-01
6.9357143       	6.65546533e-01
6.9428571       	6.65546529e-01
6.95            	6.65546525e-01
6.9571429       	6.65546520e-01
6.9642857       	6.65546514e-01
6.9714286       	6.65546507e-01
6.9785714       	6.65546499e-01
6.9857143       	6.65546491e-01
6.9928571       	6.65546481e-01
7               	6.65546470e-01
7.0083333       	6.65546468e-01
7.0166667       	6.65546467e-01
7.025           	6.65546465e-01
7.0333333       	6.65546463e-01
7.0416667       	6.65546461e-01
7.05            	6.65546460e-01
7.06            	6.65546457e-01
7.07            	6.65546455e-01
7.08            	6.65546453e-01
7.09            	6.65546451e-01
7.1             	6.65546449e-01
7.11            	6.65546447e-01
7.12            	6.65546446e-01
7.13            	6.65546444e-01
7.14            	6.65546442e-01
7.15            	6.65546441e-01
7.16            	6.65546439e-01
7.17            	6.65546438e-01
7.18            	6.65546436e-01
7.19            	6.65546435e-01
7.2             	6.65546434e-01
7.21            	6.65546432e-01
7.22            	6.65546431e-01
7.23            	6.65546439e-01
7.24            	6.65546449e-01
7.25            	6.65546460e-01
7.26            	6.65546469e-01
7.27            	6.65546476e-01
7.28            	6.65546481e-01
7.29            	6.65546485e-01
7.3             	6.65546491e-01
7.31            	6.65546490e-01
7.32            	6.65546488e-01
7.33            	6.65546487e-01
7.34            	6.65546486e-01
7.35            	6.65546485e-01
7.36            	6.65546484e-01
7.37            	6.65546483e-01
7.38            	6.65546482e-01
7.39            	6.65546481e-01
7.4             	6.65546480e-01
7.41            	6.65546479e-01
7.42            	6.65546479e-01
7.43            	6.65546478e-01
7.44            	6.65546477e-01
7.45            	6.65546476e-01
7.46            	6.65546475e-01
7.47            	6.65546474e-01
7.48            	6.65546473e-01
7.49            	6.65546473e-01
7.5             	6.65546472e-01
7.51            	6.65546471e-01
7.52            	6.65546470e-01
7.53            	6.65546470e-01
7.54            	6.65546470e-01
7.55            	6.65546471e-01
7.56            	6.65546471e-01
7.57            	6.65546471e-01
7.58            	6.65546471e-01
7.59            	6.65546470e-01
7.6             	6.65546468e-01
7.61            	6.65546466e-01
7.62            	6.65546463e-01
7.63            	6.65546459e-01
7.64            	6.65546455e-01
7.65            	6.65546450e-01
7.66            	6.65546446e-01
7.67            	6.65546440e-01
7.68            	6.65546435e-01
7.69            	6.65546430e-01
7.7             	6.65546425e-01
7.71            	6.65546420e-01
7.72            	6.65546415e-01
7.73            	6.65546411e-01
7.74            	6.65546410e-01
7.75            	6.65546409e-01
7.76            	6.65546409e-01
7.77            	6.65546408e-01
7.78            	6.65546407e-01
7.79            	6.65546407e-01
7.8             	6.65546406e-01
7.81            	6.65546405e-01
7.82            	6.65546405e-01
7.83            	6.65546404e-01
7.84            	6.65546403e-01
7.85            	6.65546403e-01
7.86            	6.65546402e-01
7.87            	6.65546401e-01
7.88            	6.65546401e-01
7.89            	6.65546400e-01
7.9             	6.65546400e-01
7.91            	6.65546399e-01
7.92            	6.65546399e-01
7.93            	6.65546398e-01
7.94            	6.65546398e-01
7.95            	6.65546398e-01
7.96            	6.65546399e-01
7.97            	6.65546402e-01
7.98            	6.65546406e-01
7.99            	6.65546411e-01
8               	6.65546417e-01
