# y+ ()         
# Time          	patch           	min             	max             	average         
0.05            	left	2.63503784e+02	2.65508402e+02	2.64640516e+02
0.05            	right	2.58908660e+02	3.84479532e+03	2.22983607e+03
0.05            	stlSurface	4.38276508e+01	7.55186984e+01	5.00133993e+01
0.05            	back	2.58908660e+02	3.94623877e+03	1.07876521e+03
0.05            	bottom	4.38276508e+01	3.96845943e+03	1.46869294e+03
0.05            	front	2.58908699e+02	3.94623895e+03	1.07876523e+03
0.1             	left	2.40198054e+02	2.43881521e+02	2.42895573e+02
0.1             	right	2.36045951e+02	3.52927686e+03	2.04298376e+03
0.1             	stlSurface	3.32942937e+01	6.84433677e+01	4.25128625e+01
0.1             	back	2.36045951e+02	3.70250363e+03	1.02469074e+03
0.1             	bottom	3.32942937e+01	3.84338976e+03	1.45090503e+03
0.1             	front	2.36046034e+02	3.70251240e+03	1.02469066e+03
0.15            	left	2.20541612e+02	2.26598973e+02	2.25381169e+02
0.15            	right	2.17261958e+02	3.27611255e+03	1.89158121e+03
0.15            	stlSurface	2.70105023e+01	6.55787508e+01	3.87802903e+01
0.15            	back	2.17262543e+02	3.56612832e+03	9.80128770e+02
0.15            	bottom	2.70105023e+01	3.87124855e+03	1.47436528e+03
0.15            	front	2.17261958e+02	3.56612104e+03	9.80128774e+02
0.2             	left	2.03889524e+02	2.12583025e+02	2.11019405e+02
0.2             	right	2.01406667e+02	3.06813943e+03	1.76616831e+03
0.2             	stlSurface	2.28468077e+01	6.58915460e+01	3.67528697e+01
0.2             	back	2.01408151e+02	3.54969094e+03	9.41002843e+02
0.2             	bottom	2.28468077e+01	3.94019518e+03	1.53300882e+03
0.2             	front	2.01406667e+02	3.54970268e+03	9.41002931e+02
0.25            	left	1.89606498e+02	2.01148258e+02	1.99062856e+02
0.25            	right	1.87940008e+02	2.89402392e+03	1.66032817e+03
0.25            	stlSurface	1.98846334e+01	6.82563920e+01	3.56726549e+01
0.25            	back	1.87941393e+02	3.55736821e+03	9.04680465e+02
0.25            	bottom	1.98846334e+01	4.08112273e+03	1.61638877e+03
0.25            	front	1.87940008e+02	3.55737519e+03	9.04680407e+02
0.3             	left	1.77227729e+02	1.91686397e+02	1.89015249e+02
0.3             	right	1.76465741e+02	2.74631126e+03	1.56972374e+03
0.3             	stlSurface	1.76677950e+01	7.27817611e+01	3.54533818e+01
0.3             	back	1.76467237e+02	3.51194176e+03	8.70162604e+02
0.3             	bottom	1.76677950e+01	4.24686895e+03	1.72275421e+03
0.3             	front	1.76465741e+02	3.51193755e+03	8.70162168e+02
0.35            	left	1.66406680e+02	1.83826136e+02	1.80546596e+02
0.35            	right	1.66650347e+02	2.61951319e+03	1.49113384e+03
0.35            	stlSurface	1.59466441e+01	8.18994051e+01	3.66602465e+01
0.35            	back	1.66408082e+02	3.51004119e+03	8.43562372e+02
0.35            	bottom	1.59466441e+01	4.39637708e+03	1.84392960e+03
0.35            	front	1.66406680e+02	3.51003893e+03	8.43561655e+02
0.4             	left	1.56882798e+02	1.77345510e+02	1.73424645e+02
0.4             	right	1.58271350e+02	2.50915096e+03	1.42179194e+03
0.4             	stlSurface	1.45759702e+01	1.17584943e+02	4.42001933e+01
0.4             	back	1.56884080e+02	3.50496504e+03	8.26863686e+02
0.4             	bottom	1.45759702e+01	4.50420045e+03	1.97550587e+03
0.4             	front	1.56882798e+02	3.50496531e+03	8.26862809e+02
0.45            	left	1.48456765e+02	1.72082811e+02	1.67454699e+02
0.45            	right	1.51083093e+02	2.41157116e+03	1.35799221e+03
0.45            	stlSurface	1.34646218e+01	1.91900871e+03	2.81135878e+02
0.45            	back	1.48457857e+02	3.56227659e+03	8.13892250e+02
0.45            	bottom	1.34646218e+01	4.56067040e+03	2.13787442e+03
0.45            	front	1.48456765e+02	3.56227288e+03	8.13891173e+02
0.5             	left	1.40968845e+02	1.67737651e+02	1.62263140e+02
0.5             	right	1.44918492e+02	2.32221194e+03	1.27739611e+03
0.5             	stlSurface	1.28084420e+01	3.01243567e+03	5.54409029e+02
0.5             	back	1.40969750e+02	3.67141408e+03	8.00151336e+02
0.5             	bottom	1.28084420e+01	4.57863991e+03	2.27930624e+03
0.5             	front	1.40968845e+02	3.67140781e+03	8.00147640e+02
0.55            	left	1.34439176e+02	1.64002553e+02	1.57561534e+02
0.55            	right	1.37620040e+02	2.24580766e+03	1.16110562e+03
0.55            	stlSurface	1.33939976e+01	3.13617748e+03	5.88125471e+02
0.55            	back	1.34440124e+02	3.77532482e+03	7.93770673e+02
0.55            	bottom	1.33939976e+01	6.01121404e+03	2.35876988e+03
0.55            	front	1.34439176e+02	3.77531997e+03	7.93765664e+02
0.6             	left	1.29850720e+02	1.62081102e+02	1.53649450e+02
0.6             	right	1.32928846e+02	2.17646842e+03	1.11985646e+03
0.6             	stlSurface	1.48621615e+01	3.19723428e+03	5.91484822e+02
0.6             	back	1.29852626e+02	3.86718403e+03	7.98875040e+02
0.6             	bottom	1.48621615e+01	5.99342832e+03	2.43887090e+03
0.6             	front	1.29850720e+02	3.86717525e+03	7.98861676e+02
0.65            	left	1.26952196e+02	1.64300859e+03	2.14464958e+02
0.65            	right	1.28797964e+02	2.11125832e+03	1.06572747e+03
0.65            	stlSurface	1.71095171e+01	2.96083120e+03	5.50987367e+02
0.65            	back	1.28798480e+02	4.00659430e+03	8.13349291e+02
0.65            	bottom	1.71095171e+01	7.16741987e+03	2.53536040e+03
0.65            	front	1.28797964e+02	4.00647161e+03	8.13256801e+02
0.7             	left	1.30669857e+02	5.70643614e+03	9.57181413e+02
0.7             	right	1.23366281e+02	2.04974923e+03	9.61998540e+02
0.7             	stlSurface	2.02459082e+01	2.83802506e+03	5.35308162e+02
0.7             	back	1.23366596e+02	4.19093305e+03	8.67961675e+02
0.7             	bottom	2.02459082e+01	7.50198123e+03	2.58806116e+03
0.7             	front	1.23366281e+02	4.19063070e+03	8.67716399e+02
0.75            	left	1.27766049e+02	6.95343128e+03	2.06195301e+03
0.75            	right	1.20207235e+02	1.99686568e+03	9.32355864e+02
0.75            	stlSurface	2.38017415e+01	2.79747465e+03	5.23256894e+02
0.75            	back	1.20207691e+02	5.86578771e+03	9.68089409e+02
0.75            	bottom	2.38017415e+01	7.66597280e+03	2.56249437e+03
0.75            	front	1.20207235e+02	5.84923683e+03	9.67802616e+02
0.8             	left	1.27039660e+02	7.64185889e+03	3.20600144e+03
0.8             	right	1.17597179e+02	1.94452391e+03	8.55358353e+02
0.8             	stlSurface	2.72644387e+01	2.80854046e+03	5.05001551e+02
0.8             	back	1.17597760e+02	6.61350948e+03	1.07536824e+03
0.8             	bottom	2.72644387e+01	7.62479729e+03	2.54224836e+03
0.8             	front	1.17597179e+02	6.61600187e+03	1.07519029e+03
0.85            	left	1.42915640e+02	7.89588982e+03	4.23162694e+03
0.85            	right	1.12854731e+02	1.89246318e+03	8.02463559e+02
0.85            	stlSurface	2.97757885e+01	2.69837366e+03	4.92038652e+02
0.85            	back	1.12855092e+02	6.60491027e+03	1.17755879e+03
0.85            	bottom	2.97757885e+01	7.15398637e+03	2.52217702e+03
0.85            	front	1.12854731e+02	6.60841182e+03	1.17732029e+03
0.9             	left	1.42645866e+02	7.60143401e+03	5.03853466e+03
0.9             	right	1.10738394e+02	1.85014731e+03	7.77948303e+02
0.9             	stlSurface	3.15019617e+01	2.73983179e+03	4.97014866e+02
0.9             	back	1.10738912e+02	6.31322556e+03	1.26194333e+03
0.9             	bottom	3.15019617e+01	6.80721261e+03	2.51677520e+03
0.9             	front	1.10738394e+02	6.36323661e+03	1.26154376e+03
0.95            	left	1.72062550e+02	7.05000383e+03	5.43065856e+03
0.95            	right	1.06398293e+02	1.80461064e+03	6.85235805e+02
0.95            	stlSurface	3.31213696e+01	2.71288107e+03	4.98136623e+02
0.95            	back	1.06398558e+02	6.56131568e+03	1.30661533e+03
0.95            	bottom	3.31213696e+01	7.13716509e+03	2.50923611e+03
0.95            	front	1.06398293e+02	6.56624977e+03	1.30589784e+03
1               	left	6.96955843e+02	7.27330732e+03	5.47893047e+03
1               	right	1.04624057e+02	1.75742220e+03	6.69457010e+02
1               	stlSurface	3.64754966e+01	2.51443290e+03	4.94009361e+02
1               	back	1.04624462e+02	6.47772409e+03	1.32539163e+03
1               	bottom	3.64754966e+01	7.54793065e+03	2.50369753e+03
1               	front	1.04624057e+02	6.24503545e+03	1.32452466e+03
1.05            	left	2.85403893e+02	6.89264726e+03	5.35635021e+03
1.05            	right	1.03178761e+02	1.72217581e+03	6.49003524e+02
1.05            	stlSurface	4.36024622e+01	2.42140015e+03	5.04004231e+02
1.05            	back	1.03179259e+02	6.66251934e+03	1.31638790e+03
1.05            	bottom	4.36024622e+01	7.22168716e+03	2.49415030e+03
1.05            	front	1.03178761e+02	6.67644227e+03	1.31745926e+03
1.1             	left	2.65878202e+02	6.77966645e+03	5.10006947e+03
1.1             	right	9.87610157e+01	1.68419297e+03	5.67314533e+02
1.1             	stlSurface	7.00612827e+01	2.40442386e+03	5.35792390e+02
1.1             	back	9.87613141e+01	6.70884999e+03	1.29282445e+03
1.1             	bottom	7.00612827e+01	7.43714504e+03	2.50605561e+03
1.1             	front	9.87610157e+01	6.71996488e+03	1.29229891e+03
1.15            	left	2.87538647e+02	7.25032088e+03	4.83536260e+03
1.15            	right	9.75470319e+01	1.63494979e+03	5.55603003e+02
1.15            	stlSurface	1.08202326e+02	2.34292105e+03	8.34662254e+02
1.15            	back	9.75474316e+01	7.01124850e+03	1.27500257e+03
1.15            	bottom	1.08202326e+02	8.02733147e+03	2.56962550e+03
1.15            	front	9.75470319e+01	6.99341616e+03	1.27065804e+03
1.2             	left	4.34927735e+02	7.67413484e+03	4.64401682e+03
1.2             	right	9.66407412e+01	1.60310632e+03	5.42450256e+02
1.2             	stlSurface	9.83183092e+01	3.98065929e+03	1.21086949e+03
1.2             	back	9.66412421e+01	7.26662641e+03	1.25921594e+03
1.2             	bottom	9.83183092e+01	9.03303697e+03	2.60534042e+03
1.2             	front	9.66407412e+01	7.29666405e+03	1.25745226e+03
1.25            	left	4.89101693e+02	8.74175598e+03	4.84652246e+03
1.25            	right	9.56502043e+01	1.57351313e+03	5.13834411e+02
1.25            	stlSurface	1.21760369e+02	4.71683178e+03	1.33237394e+03
1.25            	back	9.56507970e+01	7.84308829e+03	1.24547270e+03
1.25            	bottom	1.21760369e+02	8.82552845e+03	2.62612161e+03
1.25            	front	9.56502043e+01	7.89229487e+03	1.25239287e+03
1.3             	left	5.92651635e+02	1.03797102e+04	5.23436211e+03
1.3             	right	9.06247891e+01	1.54034911e+03	4.55874562e+02
1.3             	stlSurface	1.61716039e+02	5.47707256e+03	1.39493942e+03
1.3             	back	9.06252013e+01	7.90051259e+03	1.22887003e+03
1.3             	bottom	4.31830081e+02	9.54959098e+03	2.65629984e+03
1.3             	front	9.06247891e+01	7.92095269e+03	1.24691506e+03
1.35            	left	5.41960917e+02	1.02129859e+04	5.31691645e+03
1.35            	right	8.95307176e+01	1.50100983e+03	4.47210258e+02
1.35            	stlSurface	1.42239738e+02	3.99395331e+03	1.33231094e+03
1.35            	back	8.95312379e+01	7.72089216e+03	1.22754370e+03
1.35            	bottom	4.24906546e+02	1.07602612e+04	2.71140847e+03
1.35            	front	8.95307176e+01	7.76886436e+03	1.24323515e+03
1.4             	left	4.17634482e+02	1.04817929e+04	5.07524082e+03
1.4             	right	8.84389275e+01	1.45846664e+03	4.37989855e+02
1.4             	stlSurface	1.66247689e+02	2.90440352e+03	1.25100218e+03
1.4             	back	8.84395339e+01	7.70383276e+03	1.22526386e+03
1.4             	bottom	4.17638654e+02	1.09605077e+04	2.74339970e+03
1.4             	front	8.84389275e+01	7.71282301e+03	1.23536251e+03
1.45            	left	3.31369704e+02	1.00175313e+04	4.69017887e+03
1.45            	right	8.73337730e+01	1.43362433e+03	4.25778445e+02
1.45            	stlSurface	2.43244348e+02	2.43093110e+03	1.16631169e+03
1.45            	back	8.73344325e+01	7.43965986e+03	1.26355327e+03
1.45            	bottom	4.10150139e+02	1.05451513e+04	2.73729223e+03
1.45            	front	8.73337730e+01	7.42376224e+03	1.25478675e+03
1.5             	left	3.01574589e+02	9.20512744e+03	4.22611908e+03
1.5             	right	8.62204594e+01	1.40879095e+03	3.95037034e+02
1.5             	stlSurface	2.58594966e+02	2.77736461e+03	1.15301009e+03
1.5             	back	8.62211600e+01	8.84824892e+03	1.32323956e+03
1.5             	bottom	4.02390449e+02	1.01744566e+04	2.70260078e+03
1.5             	front	8.62204594e+01	7.59443255e+03	1.30064856e+03
1.55            	left	2.94882550e+02	8.11659617e+03	3.79310774e+03
1.55            	right	8.10544461e+01	1.38221658e+03	3.54400404e+02
1.55            	stlSurface	2.91056371e+02	3.03880077e+03	1.21525110e+03
1.55            	back	8.10549908e+01	1.01319371e+04	1.40125807e+03
1.55            	bottom	3.94074699e+02	9.93250532e+03	2.65922835e+03
1.55            	front	8.10544461e+01	9.56971660e+03	1.36710238e+03
1.6             	left	2.87407774e+02	7.21912857e+03	3.47270797e+03
1.6             	right	8.00034233e+01	1.35392007e+03	3.48189479e+02
1.6             	stlSurface	3.85131115e+02	2.97220853e+03	1.25552383e+03
1.6             	back	8.00040266e+01	1.09274833e+04	1.48722520e+03
1.6             	bottom	3.85131115e+02	9.90778715e+03	2.62041765e+03
1.6             	front	8.00034233e+01	1.07100351e+04	1.44338215e+03
1.65            	left	2.85992711e+02	6.57608931e+03	3.28454647e+03
1.65            	right	7.90162774e+01	1.32313364e+03	3.41977573e+02
1.65            	stlSurface	3.76106844e+02	3.07490803e+03	1.25761614e+03
1.65            	back	7.90169272e+01	1.16035708e+04	1.56494187e+03
1.65            	bottom	3.76106844e+02	9.77077240e+03	2.58575648e+03
1.65            	front	7.90162774e+01	1.15416396e+04	1.52079285e+03
1.7             	left	2.83150507e+02	6.77791604e+03	3.10095059e+03
1.7             	right	7.80571092e+01	1.28652324e+03	3.35603968e+02
1.7             	stlSurface	3.66914855e+02	3.19369879e+03	1.25776599e+03
1.7             	back	7.80577977e+01	1.16229124e+04	1.60163973e+03
1.7             	bottom	3.66914855e+02	9.54221768e+03	2.55018027e+03
1.7             	front	7.80571092e+01	1.13180689e+04	1.57114926e+03
1.75            	left	2.80724469e+02	6.82093396e+03	3.03380110e+03
1.75            	right	7.70714397e+01	1.24848339e+03	3.28616839e+02
1.75            	stlSurface	3.57625138e+02	3.24750230e+03	1.25374058e+03
1.75            	back	7.70721994e+01	1.08600759e+04	1.60316303e+03
1.75            	bottom	3.57625138e+02	9.33692445e+03	2.51406735e+03
1.75            	front	7.70714397e+01	1.06677361e+04	1.57915651e+03
1.8             	left	2.78380404e+02	6.77765005e+03	2.96603645e+03
1.8             	right	7.60564246e+01	1.22927578e+03	3.19669207e+02
1.8             	stlSurface	3.47957571e+02	3.23266844e+03	1.24341839e+03
1.8             	back	7.60572392e+01	9.91131710e+03	1.57715242e+03
1.8             	bottom	3.47957571e+02	9.10693990e+03	2.48374341e+03
1.8             	front	7.60564246e+01	9.80230073e+03	1.55564029e+03
1.85            	left	2.75654955e+02	6.61897466e+03	2.85611674e+03
1.85            	right	7.49929668e+01	1.21055382e+03	3.04724654e+02
1.85            	stlSurface	3.37580852e+02	3.18796555e+03	1.22603126e+03
1.85            	back	7.49938458e+01	9.01774813e+03	1.51669041e+03
1.85            	bottom	3.37580852e+02	8.91969405e+03	2.46100825e+03
1.85            	front	7.49929668e+01	8.99885770e+03	1.49988597e+03
1.9             	left	2.72789188e+02	6.38343451e+03	2.73060833e+03
1.9             	right	6.98014139e+01	1.19213728e+03	2.60791004e+02
1.9             	stlSurface	3.26316787e+02	3.14782256e+03	1.20542091e+03
1.9             	back	6.98019062e+01	8.29350402e+03	1.44597481e+03
1.9             	bottom	3.26316787e+02	8.77691561e+03	2.43916967e+03
1.9             	front	6.98014139e+01	8.30203577e+03	1.42955255e+03
1.95            	left	2.70328670e+02	6.12357920e+03	2.60024929e+03
1.95            	right	6.88269192e+01	1.17328128e+03	2.56482064e+02
1.95            	stlSurface	3.14028265e+02	3.12131460e+03	1.18453110e+03
1.95            	back	6.88274572e+01	7.76126989e+03	1.38784202e+03
1.95            	bottom	3.14028265e+02	8.64895168e+03	2.41574919e+03
1.95            	front	6.88269192e+01	7.75038511e+03	1.37294664e+03
2               	left	2.68305290e+02	5.86018578e+03	2.47934675e+03
2               	right	6.78926231e+01	1.15473032e+03	2.52210416e+02
2               	stlSurface	3.00916682e+02	3.09320267e+03	1.16303607e+03
2               	back	6.78932232e+01	7.17345023e+03	1.34003486e+03
2               	bottom	3.00916682e+02	8.51025085e+03	2.39010635e+03
2               	front	6.78926231e+01	7.20794792e+03	1.32023208e+03
2.05            	left	2.64359340e+02	5.58525159e+03	2.34364700e+03
2.05            	right	6.70086819e+01	1.13633775e+03	2.47952169e+02
2.05            	stlSurface	2.87290986e+02	3.05294978e+03	1.14185724e+03
2.05            	back	6.70093220e+01	6.87344985e+03	1.28035687e+03
2.05            	bottom	2.87290986e+02	8.31861430e+03	2.36109368e+03
2.05            	front	6.70086819e+01	6.85903078e+03	1.26375431e+03
2.1             	left	2.61762395e+02	5.31216876e+03	2.10762958e+03
2.1             	right	6.61302337e+01	1.11785753e+03	2.43258108e+02
2.1             	stlSurface	2.73462064e+02	2.98494548e+03	1.12189434e+03
2.1             	back	6.61308809e+01	6.51475644e+03	1.21427635e+03
2.1             	bottom	2.73462064e+02	8.05675108e+03	2.32909185e+03
2.1             	front	6.61302337e+01	6.48642392e+03	1.19569042e+03
2.15            	left	2.54754220e+02	5.04854169e+03	2.01236006e+03
2.15            	right	6.52593512e+01	1.09892173e+03	2.38325958e+02
2.15            	stlSurface	2.58477466e+02	2.89243128e+03	1.10050888e+03
2.15            	back	6.52599693e+01	6.20027640e+03	1.17813015e+03
2.15            	bottom	2.58477466e+02	7.74009737e+03	2.29461788e+03
2.15            	front	6.52593512e+01	6.14515459e+03	1.16944666e+03
2.2             	left	2.45865666e+02	4.85143881e+03	1.92766293e+03
2.2             	right	6.43838878e+01	1.07905325e+03	2.33628922e+02
2.2             	stlSurface	2.44450961e+02	2.78979979e+03	1.07824215e+03
2.2             	back	6.43844546e+01	6.67954120e+03	1.14765854e+03
2.2             	bottom	2.44450961e+02	7.40421148e+03	2.25919034e+03
2.2             	front	6.43838878e+01	6.25376346e+03	1.13622373e+03
2.25            	left	2.38266178e+02	4.66802607e+03	1.72417002e+03
2.25            	right	6.35094058e+01	1.05752790e+03	2.29135144e+02
2.25            	stlSurface	2.31679870e+02	2.68387787e+03	1.05742824e+03
2.25            	back	6.35099546e+01	7.14442248e+03	1.12493888e+03
2.25            	bottom	2.31679870e+02	7.07821722e+03	2.22552364e+03
2.25            	front	6.35094058e+01	6.49948952e+03	1.11016368e+03
2.3             	left	2.33332434e+02	4.49800281e+03	1.64909156e+03
2.3             	right	6.26469297e+01	1.03314245e+03	2.24796991e+02
2.3             	stlSurface	2.20156629e+02	2.58431676e+03	1.03768393e+03
2.3             	back	6.26477560e+01	7.07591384e+03	1.13245263e+03
2.3             	bottom	2.20156629e+02	6.77006484e+03	2.19607076e+03
2.3             	front	6.26469297e+01	6.43024991e+03	1.11579397e+03
2.35            	left	2.24818422e+02	4.33806923e+03	1.56321626e+03
2.35            	right	6.18066507e+01	1.00359997e+03	2.20523254e+02
2.35            	stlSurface	2.09199961e+02	2.48748343e+03	1.01759214e+03
2.35            	back	6.18083271e+01	6.59036677e+03	1.14490613e+03
2.35            	bottom	2.09199961e+02	6.47531945e+03	2.17256583e+03
2.35            	front	6.18066507e+01	6.33378287e+03	1.12602132e+03
2.4             	left	2.12452954e+02	4.21868933e+03	1.48441065e+03
2.4             	right	6.09762198e+01	9.64521602e+02	2.16137617e+02
2.4             	stlSurface	1.97985815e+02	2.39870924e+03	9.96531254e+02
2.4             	back	6.09795746e+01	6.53693198e+03	1.15369610e+03
2.4             	bottom	1.97985815e+02	6.18510597e+03	2.15609722e+03
2.4             	front	6.09762198e+01	6.13668338e+03	1.12919663e+03
2.45            	left	2.00366892e+02	4.10973279e+03	1.37680390e+03
2.45            	right	6.01774090e+01	9.49088539e+02	2.11432260e+02
2.45            	stlSurface	1.87293675e+02	2.32035585e+03	9.73919347e+02
2.45            	back	6.01878768e+01	6.31318752e+03	1.16345225e+03
2.45            	bottom	1.87293675e+02	5.89431702e+03	2.14753779e+03
2.45            	front	6.01774090e+01	6.03857532e+03	1.13853211e+03
2.5             	left	1.94297668e+02	3.99754339e+03	1.28276309e+03
2.5             	right	5.94809143e+01	9.37958416e+02	2.05987618e+02
2.5             	stlSurface	1.77125925e+02	2.24933431e+03	9.49844218e+02
2.5             	back	5.95031120e+01	5.98494406e+03	1.17349408e+03
2.5             	bottom	1.77125925e+02	5.60613921e+03	2.14705938e+03
2.5             	front	5.94809143e+01	6.06833003e+03	1.14804862e+03
2.55            	left	1.87305381e+02	3.88179678e+03	1.22008605e+03
2.55            	right	5.90101964e+01	9.27127929e+02	1.98894852e+02
2.55            	stlSurface	1.67440403e+02	2.18507981e+03	9.24664333e+02
2.55            	back	5.90332610e+01	5.66882548e+03	1.17763865e+03
2.55            	bottom	1.67440403e+02	5.38635589e+03	2.15404967e+03
2.55            	front	5.90101964e+01	6.10050165e+03	1.15651175e+03
2.6             	left	1.78455906e+02	3.76260478e+03	1.18469846e+03
2.6             	right	5.90802987e+01	9.16548463e+02	1.87784175e+02
2.6             	stlSurface	1.58257659e+02	2.12688191e+03	8.99049358e+02
2.6             	back	5.90802987e+01	5.39145386e+03	1.17460754e+03
2.6             	bottom	1.58257659e+02	5.16369336e+03	2.16817919e+03
2.6             	front	5.92797389e+01	6.00995485e+03	1.15950927e+03
2.65            	left	1.70654400e+02	3.64127741e+03	1.15099288e+03
2.65            	right	5.37098784e+01	9.06346391e+02	1.69752726e+02
2.65            	stlSurface	1.49649357e+02	2.07137175e+03	8.73531788e+02
2.65            	back	5.37098784e+01	5.18475173e+03	1.16100434e+03
2.65            	bottom	1.49649357e+02	4.94050433e+03	2.18885760e+03
2.65            	front	5.40736164e+01	5.96593917e+03	1.15333845e+03
2.7             	left	1.63983445e+02	3.51947712e+03	1.11898531e+03
2.7             	right	5.42299526e+01	8.96579428e+02	1.78878445e+02
2.7             	stlSurface	1.41737470e+02	2.01698572e+03	8.48821758e+02
2.7             	back	5.42299526e+01	5.09106264e+03	1.14818808e+03
2.7             	bottom	1.41737470e+02	4.72060872e+03	2.21501606e+03
2.7             	front	6.19392454e+01	5.70079601e+03	1.14144696e+03
2.75            	left	1.58254343e+02	3.39885767e+03	1.08765811e+03
2.75            	right	6.25961780e+01	9.85281995e+02	2.16316226e+02
2.75            	stlSurface	1.34589357e+02	1.96444761e+03	8.25203042e+02
2.75            	back	6.25961780e+01	5.01112155e+03	1.13196943e+03
2.75            	bottom	1.34589357e+02	4.50397399e+03	2.24548194e+03
2.75            	front	7.33304188e+01	5.40108713e+03	1.12738562e+03
2.8             	left	1.52862750e+02	3.28071749e+03	1.05176554e+03
2.8             	right	6.82881693e+01	2.42208783e+03	3.32532370e+02
2.8             	stlSurface	1.28189796e+02	1.91689201e+03	8.03205801e+02
2.8             	back	7.89955725e+01	4.96896825e+03	1.11079523e+03
2.8             	bottom	1.28189796e+02	4.57044765e+03	2.27845715e+03
2.8             	front	7.67017583e+01	5.36363314e+03	1.11017612e+03
2.85            	left	1.47206541e+02	3.16597314e+03	9.95961597e+02
2.85            	right	7.22772710e+01	2.88333311e+03	5.33060913e+02
2.85            	stlSurface	1.22480789e+02	1.87242356e+03	7.82620597e+02
2.85            	back	8.27958218e+01	4.93838718e+03	1.08494270e+03
2.85            	bottom	1.22480789e+02	4.67255802e+03	2.31189674e+03
2.85            	front	8.03948419e+01	5.44509984e+03	1.09281476e+03
2.9             	left	1.42115294e+02	3.05574907e+03	9.50961602e+02
2.9             	right	8.42836209e+01	3.13663073e+03	7.81974179e+02
2.9             	stlSurface	1.17406207e+02	1.82607601e+03	7.62537209e+02
2.9             	back	8.98586217e+01	4.96053674e+03	1.05305764e+03
2.9             	bottom	1.17406207e+02	4.79469460e+03	2.34400217e+03
2.9             	front	8.42836209e+01	5.51491286e+03	1.05986829e+03
2.95            	left	1.37527787e+02	2.96552965e+03	8.91797082e+02
2.95            	right	9.50972525e+01	4.11462233e+03	1.11327445e+03
2.95            	stlSurface	1.12908492e+02	1.77482609e+03	7.42539179e+02
2.95            	back	1.08263991e+02	5.01465215e+03	1.03854215e+03
2.95            	bottom	1.12908492e+02	4.84404822e+03	2.37355178e+03
2.95            	front	9.50972525e+01	5.60036027e+03	1.05215687e+03
3               	left	1.33404483e+02	2.88535765e+03	8.64707147e+02
3               	right	1.23715798e+02	5.11394950e+03	1.52819951e+03
3               	stlSurface	1.08902941e+02	1.72509618e+03	7.23355147e+02
3               	back	1.08222457e+02	5.05430107e+03	1.02374229e+03
3               	bottom	1.08902941e+02	4.82250840e+03	2.39950223e+03
3               	front	1.08698785e+02	5.64195256e+03	1.04823943e+03
3.05            	left	1.29689652e+02	2.80770931e+03	8.47156184e+02
3.05            	right	1.63427016e+02	5.91166233e+03	2.01181195e+03
3.05            	stlSurface	1.05306440e+02	1.67802609e+03	7.05871663e+02
3.05            	back	1.09313950e+02	5.10283176e+03	1.00947872e+03
3.05            	bottom	1.05306440e+02	4.89700476e+03	2.42060595e+03
3.05            	front	1.09498282e+02	5.57938758e+03	1.03255956e+03
3.1             	left	1.26049493e+02	2.73155257e+03	8.30155278e+02
3.1             	right	2.21944012e+02	7.50598354e+03	2.72720520e+03
3.1             	stlSurface	1.02039212e+02	1.63129789e+03	6.90833153e+02
3.1             	back	1.10319303e+02	5.15849765e+03	1.01712739e+03
3.1             	bottom	1.02039212e+02	4.95974713e+03	2.43598492e+03
3.1             	front	1.11260662e+02	5.53372093e+03	1.03157052e+03
3.15            	left	1.22275546e+02	2.65605332e+03	8.13135587e+02
3.15            	right	2.65262126e+02	9.59885418e+03	3.39638269e+03
3.15            	stlSurface	9.90167458e+01	1.58668552e+03	6.78711373e+02
3.15            	back	1.11274660e+02	5.17588632e+03	1.02715073e+03
3.15            	bottom	9.90167458e+01	4.95350936e+03	2.44406807e+03
3.15            	front	1.13150394e+02	6.01868577e+03	1.03049659e+03
3.2             	left	1.18792104e+02	2.58088897e+03	7.92669752e+02
3.2             	right	2.77020375e+02	9.28133317e+03	3.97490519e+03
3.2             	stlSurface	9.61628470e+01	1.54616607e+03	6.69539601e+02
3.2             	back	1.12713999e+02	5.27951014e+03	1.04037320e+03
3.2             	bottom	9.61628470e+01	4.88773195e+03	2.44336901e+03
3.2             	front	1.14840115e+02	5.99327085e+03	1.02984792e+03
3.25            	left	1.15541409e+02	2.50586627e+03	7.34833506e+02
3.25            	right	3.49204290e+02	9.26803891e+03	4.41536086e+03
3.25            	stlSurface	9.34142053e+01	1.51185594e+03	6.63163425e+02
3.25            	back	1.14550425e+02	5.11878736e+03	1.04306432e+03
3.25            	bottom	9.34142053e+01	4.78563322e+03	2.43335789e+03
3.25            	front	1.15671226e+02	5.92995785e+03	1.02836993e+03
3.3             	left	1.12479045e+02	2.46281856e+03	7.08741441e+02
3.3             	right	3.61701717e+02	8.61247583e+03	4.74042408e+03
3.3             	stlSurface	9.07406908e+01	1.48788388e+03	6.58998345e+02
3.3             	back	1.12479045e+02	5.05301506e+03	1.04542975e+03
3.3             	bottom	9.07406908e+01	4.71979715e+03	2.41429734e+03
3.3             	front	1.12496710e+02	5.66155853e+03	1.03353671e+03
3.35            	left	1.09586377e+02	2.36652392e+03	6.87710500e+02
3.35            	right	3.82237921e+02	7.88178771e+03	4.88806891e+03
3.35            	stlSurface	8.81659766e+01	1.49046233e+03	6.56249150e+02
3.35            	back	1.09605710e+02	5.16525647e+03	1.04012502e+03
3.35            	bottom	8.81659766e+01	4.62870267e+03	2.38682738e+03
3.35            	front	1.09586377e+02	5.49495107e+03	1.03093023e+03
3.4             	left	1.06667851e+02	2.30671971e+03	6.35760779e+02
3.4             	right	3.10110261e+02	7.55028159e+03	4.89360532e+03
3.4             	stlSurface	8.57734082e+01	1.50243116e+03	6.54061957e+02
3.4             	back	1.06667851e+02	5.32284340e+03	1.03082341e+03
3.4             	bottom	8.57734082e+01	4.50145755e+03	2.35319578e+03
3.4             	front	1.06907748e+02	5.51656830e+03	1.02208559e+03
3.45            	left	1.03768645e+02	2.25074174e+03	6.22101879e+02
3.45            	right	3.00519173e+02	7.33107440e+03	4.71437731e+03
3.45            	stlSurface	8.39505197e+01	1.50739962e+03	6.51518021e+02
3.45            	back	1.03768645e+02	5.20327655e+03	1.02210588e+03
3.45            	bottom	8.39505197e+01	4.33398674e+03	2.31640024e+03
3.45            	front	1.04439207e+02	5.44886109e+03	1.00884845e+03
3.5             	left	1.01078647e+02	2.22109883e+03	6.09984828e+02
3.5             	right	3.10077174e+02	6.77994591e+03	4.43231897e+03
3.5             	stlSurface	8.31402763e+01	1.50223006e+03	6.48155805e+02
3.5             	back	1.01078647e+02	5.15746044e+03	1.01213365e+03
3.5             	bottom	8.31402763e+01	4.15908889e+03	2.27874034e+03
3.5             	front	1.02223832e+02	5.32479690e+03	9.93856212e+02
3.55            	left	9.85826108e+01	2.21371421e+03	5.98210345e+02
3.55            	right	3.22815229e+02	6.30671589e+03	4.07680085e+03
3.55            	stlSurface	8.37217171e+01	1.49143776e+03	6.43829265e+02
3.55            	back	9.85826108e+01	5.00980460e+03	1.00402999e+03
3.55            	bottom	8.37217171e+01	4.00537923e+03	2.24112467e+03
3.55            	front	9.97963316e+01	5.06409219e+03	9.83114882e+02
3.6             	left	9.62675451e+01	2.17968142e+03	5.86780789e+02
3.6             	right	3.30603520e+02	6.16302426e+03	3.69287581e+03
3.6             	stlSurface	8.58662443e+01	1.47893570e+03	6.38736132e+02
3.6             	back	9.62675451e+01	4.94175184e+03	9.94770990e+02
3.6             	bottom	8.58662443e+01	3.85258621e+03	2.20381281e+03
3.6             	front	9.73823394e+01	4.80567291e+03	9.73536121e+02
3.65            	left	9.41218691e+01	2.12837287e+03	5.75666797e+02
3.65            	right	2.90019008e+02	5.28838517e+03	3.32116449e+03
3.65            	stlSurface	8.95631782e+01	1.46528921e+03	6.33416195e+02
3.65            	back	9.41218691e+01	4.82156473e+03	9.88910226e+02
3.65            	bottom	8.95631782e+01	3.71006426e+03	2.16690573e+03
3.65            	front	9.51703520e+01	4.71142859e+03	9.67480116e+02
3.7             	left	9.22202556e+01	2.06924246e+03	5.64899936e+02
3.7             	right	2.87013539e+02	4.83250233e+03	2.95639143e+03
3.7             	stlSurface	9.47458520e+01	1.45078252e+03	6.28430738e+02
3.7             	back	9.22202556e+01	4.73000143e+03	9.79459474e+02
3.7             	bottom	9.47458520e+01	3.57176472e+03	2.13059253e+03
3.7             	front	9.31454871e+01	4.67469718e+03	9.56083373e+02
3.75            	left	9.04473214e+01	2.00894886e+03	5.54391674e+02
3.75            	right	2.81075068e+02	4.74996212e+03	2.59948642e+03
3.75            	stlSurface	1.01318231e+02	1.44642556e+03	6.23951028e+02
3.75            	back	9.04473214e+01	4.62093189e+03	9.64926770e+02
3.75            	bottom	1.01318231e+02	3.43698066e+03	2.09494205e+03
3.75            	front	9.12873152e+01	4.58679791e+03	9.36968045e+02
3.8             	left	8.87853366e+01	1.97249345e+03	5.44171791e+02
3.8             	right	2.73636637e+02	4.48537427e+03	2.27281647e+03
3.8             	stlSurface	1.09057235e+02	1.44134599e+03	6.19368873e+02
3.8             	back	8.87853366e+01	4.58417351e+03	9.28837271e+02
3.8             	bottom	1.09057235e+02	3.30849510e+03	2.06004187e+03
3.8             	front	8.95754460e+01	4.54283643e+03	9.04189876e+02
3.85            	left	8.72223954e+01	1.94499311e+03	5.33763446e+02
3.85            	right	2.66418349e+02	4.34436895e+03	2.00921035e+03
3.85            	stlSurface	1.17639542e+02	1.42958931e+03	6.13887990e+02
3.85            	back	8.72223954e+01	4.56617519e+03	8.74595319e+02
3.85            	bottom	1.17639542e+02	3.19637841e+03	2.02601847e+03
3.85            	front	8.80671437e+01	4.50364430e+03	8.61795889e+02
3.9             	left	8.57429568e+01	1.83991691e+03	5.19828545e+02
3.9             	right	2.58114994e+02	4.15140331e+03	1.76766865e+03
3.9             	stlSurface	1.24211484e+02	1.41182814e+03	6.07414892e+02
3.9             	back	8.57429568e+01	4.59916948e+03	8.40063188e+02
3.9             	bottom	1.24211484e+02	3.16284941e+03	1.99298519e+03
3.9             	front	8.66478430e+01	4.55575917e+03	8.39967623e+02
3.95            	left	8.43289765e+01	1.79008235e+03	4.86775870e+02
3.95            	right	2.51132863e+02	3.89424163e+03	1.58559216e+03
3.95            	stlSurface	1.25250178e+02	1.39291788e+03	6.00661782e+02
3.95            	back	8.43289765e+01	4.60378663e+03	8.15960586e+02
3.95            	bottom	1.25250178e+02	3.15252531e+03	1.96107709e+03
3.95            	front	8.52783098e+01	4.62567530e+03	8.19473933e+02
4               	left	8.29522825e+01	1.78182449e+03	4.58512878e+02
4               	right	2.41770173e+02	3.83416840e+03	1.45896491e+03
4               	stlSurface	1.26419834e+02	1.38011922e+03	5.94306485e+02
4               	back	8.29522825e+01	4.57104261e+03	7.99431065e+02
4               	bottom	1.26419834e+02	3.13168106e+03	1.93050115e+03
4               	front	8.39345875e+01	4.61459991e+03	8.10721499e+02
4.05            	left	8.15990472e+01	1.76681369e+03	4.48976589e+02
4.05            	right	2.34415143e+02	3.67143635e+03	1.37411426e+03
4.05            	stlSurface	1.27595985e+02	1.37294147e+03	5.88617254e+02
4.05            	back	8.15990472e+01	4.50028941e+03	7.86410642e+02
4.05            	bottom	1.27595985e+02	3.13322978e+03	1.90144265e+03
4.05            	front	8.25800755e+01	4.61911736e+03	8.04959241e+02
4.1             	left	8.02757903e+01	1.75054393e+03	4.38345228e+02
4.1             	right	2.25395666e+02	3.63333581e+03	1.32362195e+03
4.1             	stlSurface	1.28789468e+02	1.36882869e+03	5.83916688e+02
4.1             	back	8.02757903e+01	4.45387811e+03	7.80916688e+02
4.1             	bottom	1.28789468e+02	3.14395968e+03	1.87404981e+03
4.1             	front	8.11676020e+01	4.59410522e+03	8.03129394e+02
4.15            	left	7.89874974e+01	1.72836475e+03	4.21202809e+02
4.15            	right	2.17731583e+02	3.68717362e+03	1.28582060e+03
4.15            	stlSurface	1.30095952e+02	1.37273966e+03	5.80178311e+02
4.15            	back	7.89874974e+01	4.35688180e+03	7.77100298e+02
4.15            	bottom	1.30095952e+02	3.15833080e+03	1.84839105e+03
4.15            	front	7.97992354e+01	4.50141624e+03	8.00955791e+02
4.2             	left	7.77342296e+01	1.70374928e+03	4.03116827e+02
4.2             	right	2.08450738e+02	3.49572972e+03	1.24792654e+03
4.2             	stlSurface	1.31593283e+02	1.38124220e+03	5.77884645e+02
4.2             	back	7.77342296e+01	4.35946639e+03	7.77404347e+02
4.2             	bottom	1.31593283e+02	3.15564073e+03	1.82447116e+03
4.2             	front	7.84736526e+01	4.44702770e+03	7.98458027e+02
4.25            	left	7.65107203e+01	1.68062019e+03	3.96961212e+02
4.25            	right	1.99961188e+02	3.50092850e+03	1.18594380e+03
4.25            	stlSurface	1.33299443e+02	1.39150917e+03	5.76846042e+02
4.25            	back	7.65107203e+01	4.37249538e+03	7.80228680e+02
4.25            	bottom	1.33299443e+02	3.14787266e+03	1.80224558e+03
4.25            	front	7.71826148e+01	4.48717739e+03	7.98553090e+02
4.3             	left	7.53096203e+01	1.66342350e+03	3.91379198e+02
4.3             	right	1.84084364e+02	3.36636540e+03	1.12571245e+03
4.3             	stlSurface	1.35131269e+02	1.40533975e+03	5.76051556e+02
4.3             	back	7.53096203e+01	4.36952948e+03	7.83145071e+02
4.3             	bottom	1.35131269e+02	3.13792056e+03	1.78165153e+03
4.3             	front	7.59207087e+01	4.52114153e+03	7.98395546e+02
4.35            	left	7.40594334e+01	1.64750576e+03	3.88246341e+02
4.35            	right	1.74948316e+02	3.26968386e+03	1.08252481e+03
4.35            	stlSurface	1.35921675e+02	1.42206131e+03	5.75599799e+02
4.35            	back	7.40594334e+01	4.39531965e+03	7.85735427e+02
4.35            	bottom	1.35921675e+02	3.12206589e+03	1.76265788e+03
4.35            	front	7.46878916e+01	4.52642969e+03	7.99936463e+02
4.4             	left	7.28409865e+01	1.63156190e+03	3.87149018e+02
4.4             	right	1.59086230e+02	3.05582735e+03	1.03188209e+03
4.4             	stlSurface	1.36204754e+02	1.43927745e+03	5.76319747e+02
4.4             	back	7.28409865e+01	4.42963758e+03	7.87332517e+02
4.4             	bottom	1.36204754e+02	3.10387625e+03	1.74526058e+03
4.4             	front	7.34870837e+01	4.51895421e+03	7.98467762e+02
4.45            	left	7.16614252e+01	1.61455236e+03	3.84355590e+02
4.45            	right	1.45663928e+02	2.86742841e+03	9.65482793e+02
4.45            	stlSurface	1.36539078e+02	1.44875365e+03	5.78563763e+02
4.45            	back	7.16614252e+01	4.46020062e+03	7.88268903e+02
4.45            	bottom	1.36539078e+02	3.09050506e+03	1.72949639e+03
4.45            	front	7.23231835e+01	4.56334642e+03	7.96740578e+02
4.5             	left	7.05252884e+01	1.59601143e+03	3.79902015e+02
4.5             	right	1.44459395e+02	2.80140863e+03	9.18842391e+02
4.5             	stlSurface	1.36702052e+02	1.41357641e+03	5.81582936e+02
4.5             	back	7.05252884e+01	4.53209430e+03	7.88375547e+02
4.5             	bottom	1.36702052e+02	3.06769919e+03	1.71541222e+03
4.5             	front	7.11996665e+01	4.59990158e+03	7.97246678e+02
4.55            	left	6.94347440e+01	1.57605614e+03	3.74201283e+02
4.55            	right	1.41835789e+02	2.79545325e+03	8.89343885e+02
4.55            	stlSurface	1.36480658e+02	1.39593626e+03	5.81698158e+02
4.55            	back	6.94347440e+01	4.58942287e+03	7.89170603e+02
4.55            	bottom	1.36480658e+02	3.04830750e+03	1.70302126e+03
4.55            	front	7.01174956e+01	4.59635433e+03	7.97411945e+02
4.6             	left	6.83884578e+01	1.56328925e+03	3.66510340e+02
4.6             	right	1.38833310e+02	2.54531281e+03	8.51610973e+02
4.6             	stlSurface	1.35742621e+02	1.35123134e+03	5.77275331e+02
4.6             	back	6.83884578e+01	4.57537761e+03	7.91697935e+02
4.6             	bottom	1.35742621e+02	3.02114787e+03	1.69228675e+03
4.6             	front	6.90755878e+01	4.63358670e+03	7.96972218e+02
4.65            	left	6.73838960e+01	1.55186435e+03	3.57108279e+02
4.65            	right	1.36177608e+02	2.51017184e+03	8.00100682e+02
4.65            	stlSurface	1.34444658e+02	1.28581825e+03	5.69181490e+02
4.65            	back	6.73838960e+01	4.61867376e+03	7.92053912e+02
4.65            	bottom	1.34444658e+02	3.03735243e+03	1.68316006e+03
4.65            	front	6.80699231e+01	4.60838871e+03	7.95093842e+02
4.7             	left	6.64187819e+01	1.53667835e+03	3.48504452e+02
4.7             	right	1.26215802e+02	2.43648533e+03	7.61119022e+02
4.7             	stlSurface	1.32616173e+02	1.22482577e+03	5.56984392e+02
4.7             	back	6.64187819e+01	4.59598506e+03	7.89096590e+02
4.7             	bottom	1.32616173e+02	3.05807767e+03	1.67553933e+03
4.7             	front	6.70950821e+01	4.54905785e+03	7.92086176e+02
4.75            	left	6.55019212e+01	1.51033456e+03	3.43097486e+02
4.75            	right	1.25071867e+02	2.34500142e+03	7.26379992e+02
4.75            	stlSurface	1.30268392e+02	1.16409717e+03	5.40976159e+02
4.75            	back	6.55019212e+01	4.49965824e+03	7.84548819e+02
4.75            	bottom	1.30268392e+02	3.07100495e+03	1.66931096e+03
4.75            	front	6.61580403e+01	4.47503931e+03	7.87878981e+02
4.8             	left	6.46650901e+01	1.48017542e+03	3.38201537e+02
4.8             	right	1.22925975e+02	2.28003057e+03	7.04780807e+02
4.8             	stlSurface	1.27466398e+02	1.14453157e+03	5.23943075e+02
4.8             	back	6.46650901e+01	4.50739168e+03	7.82074012e+02
4.8             	bottom	1.27466398e+02	3.08494969e+03	1.66432761e+03
4.8             	front	6.52895432e+01	4.45761245e+03	7.85528101e+02
4.85            	left	6.39460485e+01	1.48375665e+03	3.33456279e+02
4.85            	right	1.20592516e+02	2.23957897e+03	6.83663894e+02
4.85            	stlSurface	1.24531635e+02	1.12633549e+03	5.07950338e+02
4.85            	back	6.39460485e+01	4.50567098e+03	7.76373222e+02
4.85            	bottom	1.24531635e+02	3.10287315e+03	1.66041519e+03
4.85            	front	6.45214699e+01	4.46293940e+03	7.81013919e+02
4.9             	left	6.33635848e+01	1.48867048e+03	3.27915099e+02
4.9             	right	1.18263771e+02	2.20000356e+03	6.66350017e+02
4.9             	stlSurface	1.21629116e+02	1.12444793e+03	4.94240272e+02
4.9             	back	6.33635848e+01	4.49580514e+03	7.71641053e+02
4.9             	bottom	1.21629116e+02	3.11503152e+03	1.65738998e+03
4.9             	front	6.38285452e+01	4.48305531e+03	7.76957569e+02
4.95            	left	6.29242632e+01	1.49360156e+03	3.20098407e+02
4.95            	right	1.15868461e+02	2.16583964e+03	6.47041269e+02
4.95            	stlSurface	1.18928214e+02	1.11966273e+03	4.83252180e+02
4.95            	back	6.29242632e+01	4.48676329e+03	7.66741119e+02
4.95            	bottom	1.18928214e+02	3.11796076e+03	1.65507475e+03
4.95            	front	6.32058268e+01	4.48905557e+03	7.71551645e+02
5               	left	6.26297195e+01	1.49686754e+03	3.08312146e+02
5               	right	1.12813992e+02	2.13364010e+03	6.33103971e+02
5               	stlSurface	1.16585031e+02	1.13415255e+03	4.74123644e+02
5               	back	6.26297195e+01	4.49458628e+03	7.58248143e+02
5               	bottom	1.16585031e+02	3.11556251e+03	1.65331144e+03
5               	front	6.27502944e+01	4.43994037e+03	7.65040302e+02
5.05            	left	6.24806535e+01	1.49704857e+03	2.94708128e+02
5.05            	right	1.09965466e+02	2.09541486e+03	6.19378883e+02
5.05            	stlSurface	1.14816125e+02	1.36829635e+03	4.68966501e+02
5.05            	back	6.24877022e+01	4.50246589e+03	7.49578623e+02
5.05            	bottom	1.14816125e+02	3.11398247e+03	1.65199236e+03
5.05            	front	6.24806535e+01	4.33095390e+03	7.55087897e+02
5.1             	left	6.24203926e+01	1.49393192e+03	2.86039232e+02
5.1             	right	1.07489396e+02	2.03014712e+03	6.05376227e+02
5.1             	stlSurface	1.13771726e+02	1.71929129e+03	4.76787972e+02
5.1             	back	6.25012909e+01	4.50291239e+03	7.39926224e+02
5.1             	bottom	1.13771726e+02	3.11603182e+03	1.65113838e+03
5.1             	front	6.24203926e+01	4.30514490e+03	7.46346772e+02
5.15            	left	6.26096605e+01	1.48799671e+03	2.80187421e+02
5.15            	right	1.04604706e+02	1.87286216e+03	5.89889474e+02
5.15            	stlSurface	1.14940733e+02	1.86953247e+03	5.05504299e+02
5.15            	back	6.26461026e+01	4.48063124e+03	7.34835646e+02
5.15            	bottom	1.14940733e+02	3.11750898e+03	1.65089747e+03
5.15            	front	6.26096605e+01	4.28965121e+03	7.43907894e+02
5.2             	left	6.29152807e+01	1.48035237e+03	2.74738387e+02
5.2             	right	1.01810166e+02	1.80190024e+03	5.71261193e+02
5.2             	stlSurface	1.21627795e+02	1.78264441e+03	5.49573080e+02
5.2             	back	6.29646442e+01	4.44078521e+03	7.31693748e+02
5.2             	bottom	1.21627795e+02	3.11590055e+03	1.65146986e+03
5.2             	front	6.29152807e+01	4.24646203e+03	7.43119143e+02
5.25            	left	6.34830263e+01	1.47051628e+03	2.73069391e+02
5.25            	right	9.91826446e+01	1.77772259e+03	5.42713899e+02
5.25            	stlSurface	1.29344261e+02	1.59542842e+03	5.88819659e+02
5.25            	back	6.34830263e+01	4.46910873e+03	7.27279683e+02
5.25            	bottom	1.29344261e+02	3.11392929e+03	1.65299838e+03
5.25            	front	6.35041299e+01	4.30029310e+03	7.41339130e+02
5.3             	left	6.42349779e+01	1.45890889e+03	2.74602500e+02
5.3             	right	9.66961354e+01	1.74239074e+03	5.10392730e+02
5.3             	stlSurface	1.34272013e+02	1.80105733e+03	6.16944133e+02
5.3             	back	6.42411561e+01	4.56971029e+03	7.17530785e+02
5.3             	bottom	1.34272013e+02	3.11919672e+03	1.65540128e+03
5.3             	front	6.42349779e+01	4.35717052e+03	7.33845137e+02
5.35            	left	6.50991192e+01	1.44568952e+03	2.77033971e+02
5.35            	right	9.43192291e+01	1.69982740e+03	4.80328138e+02
5.35            	stlSurface	1.40082219e+02	1.68321488e+03	6.41605457e+02
5.35            	back	6.50991192e+01	4.66033601e+03	7.15174517e+02
5.35            	bottom	1.40082219e+02	3.13094752e+03	1.65833565e+03
5.35            	front	6.52131572e+01	4.43388118e+03	7.28257385e+02
5.4             	left	6.63333877e+01	1.43357593e+03	2.87152083e+02
5.4             	right	9.20407116e+01	1.65499581e+03	4.64968978e+02
5.4             	stlSurface	1.45923343e+02	1.68113697e+03	6.71017226e+02
5.4             	back	6.63333877e+01	4.77637525e+03	7.18296333e+02
5.4             	bottom	1.45923343e+02	3.14062312e+03	1.66137067e+03
5.4             	front	6.63768908e+01	4.50197235e+03	7.23699522e+02
5.45            	left	6.78280810e+01	1.73073189e+03	3.27730433e+02
5.45            	right	8.98550034e+01	1.61178094e+03	4.56292746e+02
5.45            	stlSurface	1.49309330e+02	1.76023886e+03	7.01838154e+02
5.45            	back	6.78280810e+01	4.90048786e+03	7.25545632e+02
5.45            	bottom	1.49309330e+02	3.15384779e+03	1.66411725e+03
5.45            	front	6.78431994e+01	4.56745634e+03	7.25087445e+02
5.5             	left	6.95982178e+01	2.71002715e+03	4.21333919e+02
5.5             	right	8.77530904e+01	1.57311265e+03	4.47888485e+02
5.5             	stlSurface	1.55637934e+02	1.77690348e+03	7.13557729e+02
5.5             	back	6.95982178e+01	5.02584374e+03	7.33640773e+02
5.5             	bottom	1.55637934e+02	3.16213814e+03	1.66655893e+03
5.5             	front	6.96179596e+01	4.63455689e+03	7.25556160e+02
5.55            	left	7.16486850e+01	4.07692013e+03	5.81795114e+02
5.55            	right	8.57282406e+01	1.54056997e+03	4.39748794e+02
5.55            	stlSurface	1.69612526e+02	1.75215619e+03	7.21736689e+02
5.55            	back	7.16549446e+01	5.11799180e+03	7.38536731e+02
5.55            	bottom	1.69612526e+02	3.16370894e+03	1.66903246e+03
5.55            	front	7.16486850e+01	4.70256754e+03	7.24153813e+02
5.6             	left	7.38646089e+01	4.81375753e+03	8.19868004e+02
5.6             	right	8.37765678e+01	1.51398875e+03	4.31878547e+02
5.6             	stlSurface	1.75599382e+02	1.71724732e+03	7.33138769e+02
5.6             	back	7.39192361e+01	5.16854137e+03	7.40148188e+02
5.6             	bottom	1.75599382e+02	3.15395270e+03	1.67179209e+03
5.6             	front	7.38646089e+01	4.75453296e+03	7.22083509e+02
5.65            	left	7.81474632e+01	5.14133324e+03	1.14248561e+03
5.65            	right	8.18949682e+01	1.49146803e+03	4.24276878e+02
5.65            	stlSurface	1.68234231e+02	1.73150114e+03	7.46905900e+02
5.65            	back	7.99114335e+01	5.05280519e+03	7.33814143e+02
5.65            	bottom	1.68234231e+02	3.13415934e+03	1.67563173e+03
5.65            	front	7.81474632e+01	4.80038751e+03	7.18978014e+02
5.7             	left	9.09419031e+01	4.86038377e+03	1.57256683e+03
5.7             	right	8.00816580e+01	1.47062646e+03	4.16932922e+02
5.7             	stlSurface	1.60138392e+02	1.80349757e+03	7.54527859e+02
5.7             	back	8.00816580e+01	4.78541938e+03	7.15560303e+02
5.7             	bottom	1.60138392e+02	3.10746872e+03	1.68179780e+03
5.7             	front	8.44022903e+01	4.76982025e+03	7.12016392e+02
5.75            	left	1.27078302e+02	6.98716548e+03	2.04499611e+03
5.75            	right	7.83363243e+01	1.45057724e+03	4.09820688e+02
5.75            	stlSurface	1.52508668e+02	1.80376651e+03	7.52997196e+02
5.75            	back	7.83363243e+01	4.56808788e+03	7.11549441e+02
5.75            	bottom	1.52508668e+02	3.07523775e+03	1.69037069e+03
5.75            	front	8.29807951e+01	4.62168314e+03	7.12725542e+02
5.8             	left	2.10165681e+02	6.45945420e+03	2.51403246e+03
5.8             	right	7.66593071e+01	1.44259456e+03	4.02900895e+02
5.8             	stlSurface	1.45843652e+02	1.76388804e+03	7.46585403e+02
5.8             	back	7.66593071e+01	4.43529612e+03	7.11565571e+02
5.8             	bottom	1.45843652e+02	3.18060126e+03	1.70006786e+03
5.8             	front	8.16327366e+01	4.34534857e+03	7.14472656e+02
5.85            	left	3.05899606e+02	6.35427777e+03	2.93095862e+03
5.85            	right	7.50515408e+01	1.43080887e+03	3.96123411e+02
5.85            	stlSurface	1.39067528e+02	1.71860108e+03	7.39091570e+02
5.85            	back	7.50515408e+01	4.50402874e+03	7.15299701e+02
5.85            	bottom	1.39067528e+02	3.34527454e+03	1.70838767e+03
5.85            	front	8.03552812e+01	4.13430826e+03	7.16698340e+02
5.9             	left	2.98421937e+02	6.89728225e+03	3.30579068e+03
5.9             	right	7.35138001e+01	1.41498380e+03	3.89432192e+02
5.9             	stlSurface	1.32182022e+02	1.69446555e+03	7.31042808e+02
5.9             	back	7.35138001e+01	4.55089322e+03	7.13446579e+02
5.9             	bottom	1.32182022e+02	3.34685139e+03	1.71242016e+03
5.9             	front	7.91567922e+01	4.07367846e+03	7.17113754e+02
5.95            	left	3.54693606e+02	7.15938439e+03	3.56407427e+03
5.95            	right	7.20462036e+01	1.38878292e+03	3.82779091e+02
5.95            	stlSurface	1.26251680e+02	1.67784675e+03	7.21304173e+02
5.95            	back	7.20462036e+01	4.21304506e+03	7.03082725e+02
5.95            	bottom	1.26251680e+02	3.24172204e+03	1.71114069e+03
5.95            	front	7.80360054e+01	4.02524276e+03	7.03708097e+02
6               	left	4.55822068e+02	7.15589944e+03	3.64723285e+03
6               	right	7.06479393e+01	1.34957852e+03	3.76109162e+02
6               	stlSurface	1.21201173e+02	1.64606285e+03	7.10147210e+02
6               	back	7.06479393e+01	3.81360170e+03	6.82303265e+02
6               	bottom	1.21201173e+02	3.20068059e+03	1.70537039e+03
6               	front	7.69894801e+01	3.73307717e+03	6.79622420e+02
6.05            	left	4.51247756e+02	6.73621986e+03	3.56357507e+03
6.05            	right	6.93169010e+01	1.29342484e+03	3.69333171e+02
6.05            	stlSurface	1.17022033e+02	1.60175391e+03	6.98615876e+02
6.05            	back	6.93169010e+01	3.58978694e+03	6.71590950e+02
6.05            	bottom	1.17022033e+02	3.20934636e+03	1.69608364e+03
6.05            	front	7.60137258e+01	3.59882716e+03	6.65819380e+02
6.1             	left	3.98437728e+02	6.34647313e+03	3.36484333e+03
6.1             	right	6.80490774e+01	1.22580547e+03	3.62377141e+02
6.1             	stlSurface	1.14507142e+02	1.55150905e+03	6.87705710e+02
6.1             	back	6.80490774e+01	3.42430921e+03	6.65247046e+02
6.1             	bottom	1.14507142e+02	3.18754688e+03	1.68405048e+03
6.1             	front	7.51063729e+01	3.42151525e+03	6.58599697e+02
6.15            	left	3.52829472e+02	5.90773267e+03	3.04865273e+03
6.15            	right	6.68385913e+01	1.19076232e+03	3.55099851e+02
6.15            	stlSurface	1.14415207e+02	1.51402688e+03	6.77630372e+02
6.15            	back	6.68385913e+01	3.60136671e+03	6.59597242e+02
6.15            	bottom	1.14415207e+02	3.13876729e+03	1.67016653e+03
6.15            	front	7.42650335e+01	3.19359896e+03	6.53631706e+02
6.2             	left	3.07565040e+02	5.48187106e+03	2.67448494e+03
6.2             	right	6.56769953e+01	1.17131234e+03	3.46507513e+02
6.2             	stlSurface	1.17298941e+02	1.47911350e+03	6.68288087e+02
6.2             	back	6.56769953e+01	3.62436190e+03	6.53644503e+02
6.2             	bottom	1.17298941e+02	3.06734188e+03	1.65510129e+03
6.2             	front	7.34860535e+01	3.15577467e+03	6.47581500e+02
6.25            	left	2.63971766e+02	5.20553254e+03	2.33214748e+03
6.25            	right	6.45540750e+01	1.15281389e+03	3.33623009e+02
6.25            	stlSurface	1.23647778e+02	1.43302995e+03	6.59224812e+02
6.25            	back	6.45540750e+01	3.28255105e+03	6.49562339e+02
6.25            	bottom	1.23647778e+02	2.97871641e+03	1.63934634e+03
6.25            	front	7.27643953e+01	3.09315109e+03	6.39006377e+02
6.3             	left	2.58392308e+02	4.89575482e+03	2.09041502e+03
6.3             	right	6.34592706e+01	1.13870995e+03	3.18305065e+02
6.3             	stlSurface	1.33527044e+02	1.41527318e+03	6.49994869e+02
6.3             	back	6.34592706e+01	3.29474957e+03	6.43597953e+02
6.3             	bottom	1.33527044e+02	2.88010790e+03	1.62328751e+03
6.3             	front	7.20933875e+01	3.05729012e+03	6.32212952e+02
6.35            	left	2.50888016e+02	4.61151405e+03	1.87359824e+03
6.35            	right	6.23828201e+01	1.12730339e+03	3.07580141e+02
6.35            	stlSurface	1.46171153e+02	1.40731755e+03	6.41449754e+02
6.35            	back	6.23828201e+01	3.22446577e+03	6.38959805e+02
6.35            	bottom	1.46171153e+02	2.78557109e+03	1.60712484e+03
6.35            	front	7.14650112e+01	3.06524278e+03	6.26865958e+02
6.4             	left	2.44192860e+02	4.47246982e+03	1.63217120e+03
6.4             	right	6.13291602e+01	1.11736144e+03	2.99291918e+02
6.4             	stlSurface	1.60566638e+02	1.39314438e+03	6.34661896e+02
6.4             	back	6.13291602e+01	3.20321629e+03	6.32078580e+02
6.4             	bottom	1.60566638e+02	2.68907899e+03	1.59098501e+03
6.4             	front	7.05948954e+01	3.06498129e+03	6.20992379e+02
6.45            	left	2.38086346e+02	4.42720340e+03	1.47730057e+03
6.45            	right	6.03083009e+01	1.10858735e+03	2.89902519e+02
6.45            	stlSurface	1.75460717e+02	1.37209035e+03	6.29515092e+02
6.45            	back	6.03083009e+01	3.15670088e+03	6.25838042e+02
6.45            	bottom	1.75460717e+02	2.59275592e+03	1.57491498e+03
6.45            	front	6.95401791e+01	3.04255327e+03	6.15498100e+02
6.5             	left	2.32059691e+02	4.43279269e+03	1.31917978e+03
6.5             	right	5.93219897e+01	1.10042411e+03	2.79367435e+02
6.5             	stlSurface	1.89023376e+02	1.34576658e+03	6.23470674e+02
6.5             	back	5.93219897e+01	3.12440760e+03	6.20466205e+02
6.5             	bottom	1.89023376e+02	2.51693486e+03	1.55896174e+03
6.5             	front	6.85249150e+01	3.01606033e+03	6.10500171e+02
6.55            	left	2.24990156e+02	4.42852285e+03	1.26622404e+03
6.55            	right	5.83670868e+01	1.09231529e+03	2.74441504e+02
6.55            	stlSurface	1.99997992e+02	1.31307053e+03	6.14675866e+02
6.55            	back	5.83670868e+01	3.10209174e+03	6.16864764e+02
6.55            	bottom	1.99997992e+02	2.57239152e+03	1.54336190e+03
6.55            	front	6.75465721e+01	3.02020566e+03	6.07883980e+02
6.6             	left	2.17721630e+02	4.16727584e+03	1.21957672e+03
6.6             	right	5.74377490e+01	1.08409023e+03	2.70932538e+02
6.6             	stlSurface	2.07802874e+02	1.27670643e+03	6.02727694e+02
6.6             	back	5.74377490e+01	3.07820326e+03	6.11824290e+02
6.6             	bottom	2.07802874e+02	3.14373464e+03	1.52815752e+03
6.6             	front	6.66032520e+01	3.03970450e+03	6.04070244e+02
6.65            	left	2.10488154e+02	4.22803861e+03	1.18998364e+03
6.65            	right	5.65324487e+01	1.07572809e+03	2.67514814e+02
6.65            	stlSurface	2.12569428e+02	1.24464503e+03	5.89626619e+02
6.65            	back	5.65324487e+01	3.05864009e+03	6.06906415e+02
6.65            	bottom	2.12569428e+02	3.58320202e+03	1.51203281e+03
6.65            	front	6.56925075e+01	2.99434501e+03	5.97832087e+02
6.7             	left	2.03606072e+02	4.37265756e+03	1.19627421e+03
6.7             	right	5.56543142e+01	1.06721061e+03	2.64180628e+02
6.7             	stlSurface	2.14877722e+02	1.21462603e+03	5.76212911e+02
6.7             	back	5.56543142e+01	3.03981335e+03	6.01945710e+02
6.7             	bottom	2.14877722e+02	3.65367765e+03	1.49370693e+03
6.7             	front	6.48123592e+01	2.98267186e+03	5.91421273e+02
6.75            	left	1.97704977e+02	4.95709524e+03	1.20297612e+03
6.75            	right	5.48074728e+01	1.05854651e+03	2.60922510e+02
6.75            	stlSurface	2.15213251e+02	1.17465127e+03	5.63565854e+02
6.75            	back	5.48074728e+01	3.05597845e+03	5.98020880e+02
6.75            	bottom	2.15213251e+02	3.50526044e+03	1.47401138e+03
6.75            	front	6.39613259e+01	2.98791491e+03	5.87227766e+02
6.8             	left	1.92724756e+02	5.25735373e+03	1.20656377e+03
6.8             	right	5.39952888e+01	1.04970483e+03	2.57684195e+02
6.8             	stlSurface	2.14128767e+02	1.15258779e+03	5.54604002e+02
6.8             	back	5.39952888e+01	3.07413174e+03	5.94458173e+02
6.8             	bottom	2.14128767e+02	3.30989552e+03	1.45426759e+03
6.8             	front	6.31383341e+01	2.98323936e+03	5.83200162e+02
6.85            	left	1.87890510e+02	5.23177035e+03	1.19746717e+03
6.85            	right	5.32186199e+01	1.04060378e+03	2.54511395e+02
6.85            	stlSurface	2.12309913e+02	1.17199626e+03	5.47443419e+02
6.85            	back	5.32186199e+01	3.05826611e+03	5.89320168e+02
6.85            	bottom	2.12309913e+02	3.15505354e+03	1.43513329e+03
6.85            	front	6.23423223e+01	2.98187977e+03	5.79699701e+02
6.9             	left	1.73649552e+02	5.06436253e+03	1.16287167e+03
6.9             	right	5.24763077e+01	1.03113727e+03	2.51397783e+02
6.9             	stlSurface	2.07389856e+02	1.20751169e+03	5.41158595e+02
6.9             	back	5.24763077e+01	3.08196697e+03	5.84204047e+02
6.9             	bottom	2.07389856e+02	3.01585455e+03	1.41689340e+03
6.9             	front	6.15732664e+01	3.00634138e+03	5.74943876e+02
6.95            	left	1.72165324e+02	4.80907753e+03	1.16422430e+03
6.95            	right	5.17672478e+01	1.02121831e+03	2.48324803e+02
6.95            	stlSurface	2.01713779e+02	1.24144775e+03	5.36116910e+02
6.95            	back	5.17672478e+01	3.09421032e+03	5.77867017e+02
6.95            	bottom	2.01713779e+02	2.89226749e+03	1.39963258e+03
6.95            	front	6.08300374e+01	3.02685367e+03	5.70745502e+02
7               	left	1.72176342e+02	4.51960332e+03	1.15469651e+03
7               	right	5.10906553e+01	1.01083905e+03	2.45291782e+02
7               	stlSurface	1.95418931e+02	1.26302761e+03	5.32052698e+02
7               	back	5.10906553e+01	3.08859563e+03	5.71567989e+02
7               	bottom	1.95418931e+02	2.77911297e+03	1.38337379e+03
7               	front	6.01136255e+01	3.03211046e+03	5.63569846e+02
7.05            	left	1.67172286e+02	4.22161314e+03	1.12872147e+03
7.05            	right	5.04459118e+01	1.00009630e+03	2.42302367e+02
7.05            	stlSurface	1.88358118e+02	1.26820911e+03	5.27991298e+02
7.05            	back	5.04459118e+01	3.06378221e+03	5.59621100e+02
7.05            	bottom	1.88358118e+02	2.67369504e+03	1.36815882e+03
7.05            	front	5.94250044e+01	3.01651183e+03	5.51611712e+02
7.1             	left	1.61944679e+02	3.95715397e+03	1.08589703e+03
7.1             	right	4.98326614e+01	9.89180176e+02	2.39270732e+02
7.1             	stlSurface	1.80573783e+02	1.25913029e+03	5.23467098e+02
7.1             	back	4.98326614e+01	3.04354457e+03	5.47996749e+02
7.1             	bottom	1.80573783e+02	2.57557159e+03	1.35399647e+03
7.1             	front	5.87644166e+01	3.00617517e+03	5.41816598e+02
7.15            	left	1.56798454e+02	3.75860993e+03	1.06260011e+03
7.15            	right	4.92511940e+01	9.78332398e+02	2.36325438e+02
7.15            	stlSurface	1.72279756e+02	1.24219875e+03	5.18491387e+02
7.15            	back	4.92511940e+01	3.03288110e+03	5.40800295e+02
7.15            	bottom	1.72279756e+02	2.51140099e+03	1.34092438e+03
7.15            	front	5.81325910e+01	3.00292996e+03	5.35829589e+02
7.2             	left	1.51810966e+02	3.62959720e+03	1.01424694e+03
7.2             	right	4.87020847e+01	9.67910841e+02	2.33501404e+02
7.2             	stlSurface	1.63689640e+02	1.22104955e+03	5.12871721e+02
7.2             	back	4.87020847e+01	3.01933625e+03	5.35990869e+02
7.2             	bottom	1.63689640e+02	2.46957191e+03	1.32898801e+03
7.2             	front	5.75303092e+01	2.99451643e+03	5.31117582e+02
7.25            	left	1.47054872e+02	3.55228398e+03	9.53303914e+02
7.25            	right	4.81859709e+01	9.58129514e+02	2.31047469e+02
7.25            	stlSurface	1.55158696e+02	1.19854775e+03	5.06181762e+02
7.25            	back	4.81859709e+01	2.99349434e+03	5.35168334e+02
7.25            	bottom	1.55158696e+02	2.43816861e+03	1.31822829e+03
7.25            	front	5.69578502e+01	2.97443011e+03	5.29075117e+02
7.3             	left	1.42603347e+02	3.40300844e+03	9.13728457e+02
7.3             	right	4.77037628e+01	9.48843158e+02	2.28831012e+02
7.3             	stlSurface	1.46984564e+02	1.17664904e+03	4.98319932e+02
7.3             	back	4.77037628e+01	2.94341600e+03	5.37934375e+02
7.3             	bottom	1.46984564e+02	2.45335088e+03	1.30871518e+03
7.3             	front	5.64153537e+01	2.93106031e+03	5.31811392e+02
7.35            	left	1.38512818e+02	3.32342077e+03	8.47182880e+02
7.35            	right	4.72566511e+01	9.39838751e+02	2.26676593e+02
7.35            	stlSurface	1.39640237e+02	1.15494513e+03	4.89682438e+02
7.35            	back	4.72566511e+01	2.87098923e+03	5.43871357e+02
7.35            	bottom	1.39640237e+02	2.46130402e+03	1.30048313e+03
7.35            	front	5.59026975e+01	2.85126691e+03	5.37054453e+02
7.4             	left	1.34815850e+02	3.15556362e+03	7.91624630e+02
7.4             	right	4.68460912e+01	9.31038328e+02	2.24574372e+02
7.4             	stlSurface	1.33503993e+02	1.13257091e+03	4.80982936e+02
7.4             	back	4.68460912e+01	2.81984401e+03	5.52934251e+02
7.4             	bottom	1.33503993e+02	2.46156408e+03	1.29352941e+03
7.4             	front	5.53662812e+01	2.80018360e+03	5.45709938e+02
7.45            	left	1.31535676e+02	3.03469442e+03	7.47304779e+02
7.45            	right	4.64736230e+01	9.23017243e+02	2.23054338e+02
7.45            	stlSurface	1.28517619e+02	1.11377712e+03	4.72914455e+02
7.45            	back	4.64736230e+01	2.79680615e+03	5.60834194e+02
7.45            	bottom	1.28517619e+02	2.46621984e+03	1.28772487e+03
7.45            	front	5.49655251e+01	2.78107945e+03	5.53185610e+02
7.5             	left	1.28691857e+02	2.86592572e+03	7.08638877e+02
7.5             	right	4.61450801e+01	9.16337444e+02	2.22421590e+02
7.5             	stlSurface	1.24398421e+02	1.10048040e+03	4.65991497e+02
7.5             	back	4.61450801e+01	2.76151001e+03	5.68127714e+02
7.5             	bottom	1.24398421e+02	2.45990693e+03	1.28278030e+03
7.5             	front	5.45409035e+01	2.75079664e+03	5.60052778e+02
7.55            	left	1.26253098e+02	2.73821075e+03	6.76343353e+02
7.55            	right	4.58658380e+01	9.10099262e+02	2.22575793e+02
7.55            	stlSurface	1.20862355e+02	1.09139933e+03	4.60500319e+02
7.55            	back	4.58658380e+01	2.71852193e+03	5.72463808e+02
7.55            	bottom	1.20862355e+02	2.45752014e+03	1.27839142e+03
7.55            	front	5.41460452e+01	2.70934655e+03	5.64051472e+02
7.6             	left	1.23988404e+02	2.64443357e+03	6.50940112e+02
7.6             	right	4.56355003e+01	9.04159886e+02	2.22902983e+02
7.6             	stlSurface	1.17644515e+02	1.08627733e+03	4.56381103e+02
7.6             	back	4.56355003e+01	2.67062437e+03	5.72422390e+02
7.6             	bottom	1.17644515e+02	2.44928498e+03	1.27431649e+03
7.6             	front	5.37817362e+01	2.66167979e+03	5.65171130e+02
7.65            	left	1.21704858e+02	2.55237750e+03	6.22915176e+02
7.65            	right	4.52830330e+01	8.98463569e+02	2.23025925e+02
7.65            	stlSurface	1.14538318e+02	1.08365272e+03	4.53298686e+02
7.65            	back	4.52830330e+01	2.61967372e+03	5.66352474e+02
7.65            	bottom	1.14538318e+02	2.43971023e+03	1.27037939e+03
7.65            	front	5.34500333e+01	2.60988999e+03	5.60840631e+02
7.7             	left	1.19508837e+02	2.46219533e+03	6.01828951e+02
7.7             	right	4.49833077e+01	8.92856103e+02	2.22956017e+02
7.7             	stlSurface	1.11408922e+02	1.08156025e+03	4.50841176e+02
7.7             	back	4.49833077e+01	2.56511208e+03	5.54880694e+02
7.7             	bottom	1.11408922e+02	2.42523795e+03	1.26647566e+03
7.7             	front	5.31532962e+01	2.55528771e+03	5.50883989e+02
7.75            	left	1.12541580e+02	2.37530289e+03	5.82029712e+02
7.75            	right	4.47490628e+01	8.87307674e+02	2.22912288e+02
7.75            	stlSurface	1.08208202e+02	1.07893672e+03	4.48708935e+02
7.75            	back	4.47490628e+01	2.51419301e+03	5.42647011e+02
7.75            	bottom	1.08208202e+02	2.40521462e+03	1.26258858e+03
7.75            	front	5.28950848e+01	2.50111646e+03	5.40853755e+02
7.8             	left	1.11338320e+02	2.28982498e+03	5.77848065e+02
7.8             	right	4.45865634e+01	8.81879809e+02	2.23234090e+02
7.8             	stlSurface	1.05166635e+02	1.07541453e+03	4.46765867e+02
7.8             	back	4.45865634e+01	2.46689029e+03	5.33783313e+02
7.8             	bottom	1.05166635e+02	2.38211919e+03	1.25874015e+03
7.8             	front	5.26802036e+01	2.45133862e+03	5.32054969e+02
7.85            	left	1.10264992e+02	2.20853017e+03	5.71878103e+02
7.85            	right	4.45033285e+01	8.76650938e+02	2.23955998e+02
7.85            	stlSurface	1.02293133e+02	1.07036953e+03	4.44846806e+02
7.85            	back	4.45033285e+01	2.43066313e+03	5.28142589e+02
7.85            	bottom	1.02293133e+02	2.35314573e+03	1.25499787e+03
7.85            	front	5.25148318e+01	2.41282828e+03	5.25503296e+02
7.9             	left	1.09078052e+02	2.13356111e+03	5.64202116e+02
7.9             	right	4.45046447e+01	8.71762692e+02	2.24815960e+02
7.9             	stlSurface	9.95573961e+01	1.06414535e+03	4.42717564e+02
7.9             	back	4.45046447e+01	2.40028834e+03	5.23225441e+02
7.9             	bottom	9.95573961e+01	2.32328050e+03	1.25144223e+03
7.9             	front	5.24067344e+01	2.38010264e+03	5.20438593e+02
7.95            	left	1.07317830e+02	2.06349684e+03	5.52304203e+02
7.95            	right	4.45906691e+01	8.67354241e+02	2.25781853e+02
7.95            	stlSurface	9.69470704e+01	1.05613299e+03	4.40139791e+02
7.95            	back	4.45906691e+01	2.37177399e+03	5.18303538e+02
7.95            	bottom	9.69470704e+01	2.29398459e+03	1.24814531e+03
7.95            	front	5.23629336e+01	2.35287054e+03	5.14467484e+02
8               	left	1.04789866e+02	1.99899278e+03	5.42673080e+02
8               	right	4.47587860e+01	8.63534953e+02	2.27164705e+02
8               	stlSurface	9.44621454e+01	1.04705125e+03	4.37017708e+02
8               	back	4.47587860e+01	2.34467039e+03	5.13351154e+02
8               	bottom	9.44621454e+01	2.26671131e+03	1.24513277e+03
8               	front	5.23890347e+01	2.32787732e+03	5.09935530e+02
