# Region        : all region0
# Cells         : 31280
# Volume        : 3.20955384e+00
# Time          	volIntegrate(alpha.water)
0.00011976048   	6.64600297e-01
0.00026382019   	6.64600297e-01
0.00043694457   	6.64600297e-01
0.00064506218   	6.64600297e-01
0.00089320241   	6.64600297e-01
0.0011917461    	6.64600297e-01
0.0015466188    	6.64600297e-01
0.0019757672    	6.64600297e-01
0.0024907453    	6.64600297e-01
0.0031160758    	6.64600297e-01
0.0038501595    	6.64600297e-01
0.0047473729    	6.64600297e-01
0.0058368462    	6.64600297e-01
0.0071244057    	6.64600296e-01
0.008733855     	6.64600293e-01
0.010611546     	6.64600286e-01
0.012958659     	6.64600286e-01
0.015305773     	6.64600286e-01
0.017652886     	6.64600286e-01
0.02            	6.64600286e-01
0.022857143     	6.64600286e-01
0.026285714     	6.64600284e-01
0.030857143     	6.64600277e-01
0.035428571     	6.64600263e-01
0.04            	6.64600263e-01
0.045           	6.64600263e-01
0.05            	6.64600263e-01
0.055           	6.64600262e-01
0.06            	6.64600262e-01
0.066666667     	6.64600262e-01
0.073333333     	6.64600259e-01
0.08            	6.64600252e-01
0.086666667     	6.64600240e-01
0.093333333     	6.64600223e-01
0.1             	6.64600223e-01
0.10666667      	6.64600223e-01
0.11333333      	6.64600223e-01
0.12            	6.64600223e-01
0.12666667      	6.64600223e-01
0.13333333      	6.64600223e-01
0.14            	6.64600211e-01
0.14666667      	6.64600204e-01
0.15333333      	6.64600199e-01
0.16            	6.64600194e-01
0.16666667      	6.64600189e-01
0.17333333      	6.64600186e-01
0.18            	6.64600184e-01
0.18666667      	6.64600181e-01
0.19333333      	6.64600179e-01
0.2             	6.64600176e-01
0.20666667      	6.64600174e-01
0.21333333      	6.64600171e-01
0.22            	6.64600167e-01
0.22666667      	6.64600163e-01
0.23333333      	6.64600158e-01
0.24            	6.64600152e-01
0.24666667      	6.64600146e-01
0.25333333      	6.64600137e-01
0.26            	6.64600137e-01
0.26666667      	6.64600137e-01
0.27333333      	6.64600136e-01
0.28            	6.64600135e-01
0.28666667      	6.64600134e-01
0.29333333      	6.64600133e-01
0.3             	6.64600133e-01
0.30666667      	6.64600132e-01
0.31333333      	6.64600131e-01
0.32            	6.64600131e-01
0.325           	6.64600130e-01
0.33            	6.64600130e-01
0.335           	6.64600130e-01
0.34            	6.64600130e-01
0.345           	6.64600130e-01
0.35            	6.64600129e-01
0.355           	6.64600129e-01
0.36            	6.64600121e-01
0.364           	6.64600119e-01
0.3672          	6.64600119e-01
0.3704          	6.64600119e-01
0.3736          	6.64600118e-01
0.3768          	6.64600118e-01
0.38            	6.64600117e-01
0.3825          	6.64600117e-01
0.385           	6.64600117e-01
0.3875          	6.64600116e-01
0.38958333      	6.64600116e-01
0.39166667      	6.64600116e-01
0.39375         	6.64600116e-01
0.39583333      	6.64600116e-01
0.39791667      	6.64600116e-01
0.4             	6.64600115e-01
0.40166667      	6.64600115e-01
0.40333333      	6.64600115e-01
0.40484848      	6.64600115e-01
0.40636364      	6.64600115e-01
0.40787879      	6.64600115e-01
0.40922559      	6.64600109e-01
0.41057239      	6.64600102e-01
0.41191919      	6.64600095e-01
0.41326599      	6.64600088e-01
0.41461279      	6.64600080e-01
0.4159596       	6.64600079e-01
0.4173064       	6.64600079e-01
0.4186532       	6.64600079e-01
0.42            	6.64600079e-01
0.42111111      	6.64600074e-01
0.42222222      	6.64600068e-01
0.42326797      	6.64600064e-01
0.42431373      	6.64600059e-01
0.42535948      	6.64600055e-01
0.42640523      	6.64600050e-01
0.42745098      	6.64600045e-01
0.42849673      	6.64600039e-01
0.42945534      	6.64600035e-01
0.43041394      	6.64600031e-01
0.43137255      	6.64600027e-01
0.43233115      	6.64600023e-01
0.43328976      	6.64600019e-01
0.43424837      	6.64600014e-01
0.43520697      	6.64600009e-01
0.43616558      	6.64600004e-01
0.43712418      	6.64599998e-01
0.43808279      	6.64599992e-01
0.43904139      	6.64599986e-01
0.44            	6.64599979e-01
0.44090909      	6.64599974e-01
0.44181818      	6.64599968e-01
0.44272727      	6.64599961e-01
0.443367        	6.64599960e-01
0.44400673      	6.64599958e-01
0.44464646      	6.64599956e-01
0.4451759       	6.64599955e-01
0.44570533      	6.64599955e-01
0.44623476      	6.64599954e-01
0.44676419      	6.64599953e-01
0.44729363      	6.64599952e-01
0.44782306      	6.64599951e-01
0.44835249      	6.64599950e-01
0.44888192      	6.64599949e-01
0.44938729      	6.64599948e-01
0.44989266      	6.64599947e-01
0.45039802      	6.64599946e-01
0.45090339      	6.64599945e-01
0.45140876      	6.64599944e-01
0.45191413      	6.64599943e-01
0.45241949      	6.64599942e-01
0.45292486      	6.64599941e-01
0.45343023      	6.64599940e-01
0.45393559      	6.64599939e-01
0.45444096      	6.64599938e-01
0.45494633      	6.64599937e-01
0.4554517       	6.64599936e-01
0.45595706      	6.64599935e-01
0.45646243      	6.64599934e-01
0.4569678       	6.64599932e-01
0.45747316      	6.64599931e-01
0.45797853      	6.64599930e-01
0.4584839       	6.64599928e-01
0.45898927      	6.64599927e-01
0.45949463      	6.64599925e-01
0.46            	6.64599923e-01
0.4604878       	6.64599922e-01
0.46097561      	6.64599920e-01
0.46146341      	6.64599919e-01
0.46195122      	6.64599917e-01
0.46243902      	6.64599915e-01
0.46292683      	6.64599912e-01
0.46341463      	6.64599910e-01
0.46390244      	6.64599907e-01
0.46440549      	6.64599905e-01
0.46490854      	6.64599901e-01
0.46541159      	6.64599898e-01
0.46591463      	6.64599895e-01
0.46641768      	6.64599892e-01
0.46692073      	6.64599888e-01
0.46742378      	6.64599885e-01
0.46792683      	6.64599882e-01
0.46842988      	6.64599879e-01
0.46893293      	6.64599875e-01
0.46943598      	6.64599872e-01
0.46993902      	6.64599868e-01
0.47044207      	6.64599865e-01
0.47094512      	6.64599861e-01
0.47144817      	6.64599857e-01
0.47195122      	6.64599853e-01
0.47245427      	6.64599849e-01
0.47295732      	6.64599845e-01
0.47346037      	6.64599841e-01
0.47396341      	6.64599837e-01
0.47446646      	6.64599833e-01
0.47496951      	6.64599829e-01
0.47547256      	6.64599824e-01
0.47597561      	6.64599820e-01
0.47647866      	6.64599815e-01
0.47698171      	6.64599811e-01
0.47748476      	6.64599806e-01
0.4779878       	6.64599802e-01
0.47849085      	6.64599799e-01
0.4789939       	6.64599795e-01
0.47949695      	6.64599792e-01
0.48            	6.64599789e-01
0.48054054      	6.64599785e-01
0.48109653      	6.64599779e-01
0.48165251      	6.64599772e-01
0.48222587      	6.64599764e-01
0.48279923      	6.64599754e-01
0.48337259      	6.64599742e-01
0.48396642      	6.64599728e-01
0.48456026      	6.64599713e-01
0.48517785      	6.64599713e-01
0.48579544      	6.64599701e-01
0.48641303      	6.64599694e-01
0.48706003      	6.64599688e-01
0.48770703      	6.64599684e-01
0.48835402      	6.64599683e-01
0.48900102      	6.64599682e-01
0.48964802      	6.64599682e-01
0.49033815      	6.64599682e-01
0.49102829      	6.64599681e-01
0.49171842      	6.64599680e-01
0.49240855      	6.64599678e-01
0.49309868      	6.64599677e-01
0.49386549      	6.64599674e-01
0.49463231      	6.64599672e-01
0.49539912      	6.64599669e-01
0.49616593      	6.64599667e-01
0.49693275      	6.64599664e-01
0.49769956      	6.64599661e-01
0.49846637      	6.64599659e-01
0.49923319      	6.64599657e-01
0.5             	6.64599656e-01
0.50076923      	6.64599654e-01
0.50153846      	6.64599653e-01
0.50230769      	6.64599651e-01
0.50307692      	6.64599650e-01
0.50384615      	6.64599648e-01
0.50461538      	6.64599647e-01
0.50538462      	6.64599645e-01
0.50615385      	6.64599644e-01
0.50692308      	6.64599643e-01
0.50769231      	6.64599642e-01
0.50846154      	6.64599640e-01
0.50928571      	6.64599638e-01
0.51010989      	6.64599636e-01
0.51093407      	6.64599633e-01
0.51175824      	6.64599631e-01
0.51258242      	6.64599629e-01
0.51340659      	6.64599627e-01
0.51423077      	6.64599624e-01
0.51505495      	6.64599622e-01
0.51587912      	6.64599619e-01
0.5167033       	6.64599616e-01
0.51752747      	6.64599612e-01
0.51835165      	6.64599609e-01
0.51917582      	6.64599605e-01
0.52            	6.64599601e-01
0.52086957      	6.64599595e-01
0.52173913      	6.64599590e-01
0.5226087       	6.64599584e-01
0.52347826      	6.64599578e-01
0.52434783      	6.64599573e-01
0.52521739      	6.64599567e-01
0.52608696      	6.64599560e-01
0.52695652      	6.64599554e-01
0.52782609      	6.64599548e-01
0.52869565      	6.64599542e-01
0.52956522      	6.64599536e-01
0.53043478      	6.64599530e-01
0.53130435      	6.64599525e-01
0.53217391      	6.64599519e-01
0.53304348      	6.64599514e-01
0.53391304      	6.64599508e-01
0.53478261      	6.64599503e-01
0.53565217      	6.64599498e-01
0.53652174      	6.64599493e-01
0.5373913       	6.64599488e-01
0.53826087      	6.64599482e-01
0.53913043      	6.64599477e-01
0.54            	6.64599471e-01
0.54086957      	6.64599466e-01
0.54173913      	6.64599460e-01
0.5426087       	6.64599454e-01
0.54347826      	6.64599448e-01
0.54434783      	6.64599443e-01
0.54521739      	6.64599437e-01
0.54608696      	6.64599431e-01
0.54695652      	6.64599426e-01
0.54782609      	6.64599420e-01
0.54869565      	6.64599415e-01
0.54956522      	6.64599410e-01
0.55043478      	6.64599404e-01
0.55130435      	6.64599399e-01
0.55217391      	6.64599394e-01
0.55304348      	6.64599389e-01
0.55391304      	6.64599384e-01
0.55478261      	6.64599379e-01
0.55565217      	6.64599374e-01
0.55652174      	6.64599369e-01
0.5573913       	6.64599364e-01
0.55826087      	6.64599359e-01
0.55913043      	6.64599354e-01
0.56            	6.64599349e-01
0.56086957      	6.64599345e-01
0.56173913      	6.64599340e-01
0.56265217      	6.64599335e-01
0.56356522      	6.64599329e-01
0.56447826      	6.64599324e-01
0.5653913       	6.64599319e-01
0.56630435      	6.64599314e-01
0.56721739      	6.64599310e-01
0.56813043      	6.64599305e-01
0.56904348      	6.64599301e-01
0.56995652      	6.64599297e-01
0.57086957      	6.64599294e-01
0.57178261      	6.64599290e-01
0.57269565      	6.64599287e-01
0.5736087       	6.64599285e-01
0.57452174      	6.64599282e-01
0.57543478      	6.64599280e-01
0.57634783      	6.64599278e-01
0.57726087      	6.64599276e-01
0.57817391      	6.64599274e-01
0.57908696      	6.64599272e-01
0.58            	6.64599270e-01
0.58095238      	6.64599268e-01
0.58190476      	6.64599266e-01
0.58285714      	6.64599263e-01
0.58380952      	6.64599261e-01
0.5847619       	6.64599258e-01
0.58571429      	6.64599255e-01
0.58666667      	6.64599253e-01
0.58761905      	6.64599250e-01
0.58857143      	6.64599247e-01
0.58952381      	6.64599244e-01
0.59047619      	6.64599241e-01
0.59142857      	6.64599238e-01
0.59238095      	6.64599235e-01
0.59333333      	6.64599233e-01
0.59428571      	6.64599230e-01
0.5952381       	6.64599228e-01
0.59619048      	6.64599225e-01
0.59714286      	6.64599223e-01
0.59809524      	6.64599221e-01
0.59904762      	6.64599220e-01
0.6             	6.64599218e-01
0.601           	6.64599217e-01
0.602           	6.64599215e-01
0.603           	6.64599214e-01
0.604           	6.64599213e-01
0.605           	6.64599212e-01
0.606           	6.64599211e-01
0.607           	6.64599210e-01
0.608           	6.64599210e-01
0.609           	6.64599209e-01
0.61            	6.64599209e-01
0.611           	6.64599208e-01
0.612           	6.64599208e-01
0.613           	6.64599208e-01
0.614           	6.64599208e-01
0.615           	6.64599208e-01
0.616           	6.64599208e-01
0.617           	6.64599208e-01
0.618           	6.64599208e-01
0.619           	6.64599209e-01
0.62            	6.64599209e-01
0.62105263      	6.64599210e-01
0.62210526      	6.64599210e-01
0.62315789      	6.64599211e-01
0.62421053      	6.64599212e-01
0.62526316      	6.64599213e-01
0.62631579      	6.64599214e-01
0.62736842      	6.64599215e-01
0.62842105      	6.64599217e-01
0.62947368      	6.64599218e-01
0.63052632      	6.64599219e-01
0.63157895      	6.64599220e-01
0.63263158      	6.64599221e-01
0.63368421      	6.64599222e-01
0.63473684      	6.64599223e-01
0.63578947      	6.64599224e-01
0.63684211      	6.64599225e-01
0.63789474      	6.64599226e-01
0.63894737      	6.64599226e-01
0.64            	6.64599227e-01
0.64111111      	6.64599228e-01
0.64222222      	6.64599228e-01
0.64333333      	6.64599229e-01
0.64444444      	6.64599229e-01
0.64555556      	6.64599230e-01
0.64666667      	6.64599230e-01
0.64777778      	6.64599230e-01
0.64888889      	6.64599229e-01
0.65            	6.64599229e-01
0.65111111      	6.64599228e-01
0.65222222      	6.64599227e-01
0.65333333      	6.64599225e-01
0.65444444      	6.64599223e-01
0.65555556      	6.64599221e-01
0.65666667      	6.64599218e-01
0.65777778      	6.64599214e-01
0.65888889      	6.64599210e-01
0.66            	6.64599205e-01
0.66117647      	6.64599199e-01
0.66235294      	6.64599192e-01
0.66352941      	6.64599184e-01
0.66470588      	6.64599174e-01
0.66588235      	6.64599164e-01
0.66705882      	6.64599152e-01
0.66823529      	6.64599138e-01
0.66941176      	6.64599123e-01
0.67058824      	6.64599105e-01
0.67176471      	6.64599086e-01
0.67313725      	6.64599059e-01
0.6745098       	6.64599028e-01
0.67588235      	6.64598992e-01
0.6772549       	6.64598951e-01
0.67862745      	6.64598905e-01
0.68            	6.64598852e-01
0.68133333      	6.64598793e-01
0.68266667      	6.64598727e-01
0.684           	6.64598652e-01
0.68533333      	6.64598567e-01
0.68666667      	6.64598471e-01
0.688           	6.64598363e-01
0.68933333      	6.64598241e-01
0.69066667      	6.64598103e-01
0.692           	6.64597949e-01
0.69333333      	6.64597774e-01
0.69466667      	6.64597578e-01
0.696           	6.64597356e-01
0.69733333      	6.64597107e-01
0.69866667      	6.64596826e-01
0.7             	6.64596509e-01
0.70133333      	6.64596153e-01
0.70266667      	6.64595751e-01
0.704           	6.64595299e-01
0.70533333      	6.64594792e-01
0.70666667      	6.64594222e-01
0.708           	6.64593581e-01
0.70933333      	6.64592859e-01
0.71066667      	6.64592043e-01
0.712           	6.64591122e-01
0.71333333      	6.64590082e-01
0.71466667      	6.64588911e-01
0.716           	6.64587593e-01
0.71733333      	6.64586115e-01
0.71866667      	6.64584462e-01
0.72            	6.64582618e-01
0.72142857      	6.64580390e-01
0.72285714      	6.64577875e-01
0.72428571      	6.64575016e-01
0.72571429      	6.64571768e-01
0.72714286      	6.64568095e-01
0.72857143      	6.64563964e-01
0.73            	6.64559347e-01
0.73142857      	6.64554220e-01
0.73285714      	6.64548560e-01
0.73428571      	6.64542329e-01
0.73571429      	6.64535502e-01
0.73714286      	6.64528014e-01
0.73857143      	6.64519694e-01
0.74            	6.64510332e-01
0.74142857      	6.64499834e-01
0.74285714      	6.64488200e-01
0.74428571      	6.64475463e-01
0.74571429      	6.64461662e-01
0.74714286      	6.64446831e-01
0.74857143      	6.64431006e-01
0.75            	6.64414186e-01
0.75142857      	6.64396307e-01
0.75285714      	6.64377369e-01
0.75428571      	6.64357420e-01
0.75571429      	6.64336507e-01
0.75714286      	6.64314685e-01
0.75857143      	6.64292010e-01
0.76            	6.64268536e-01
0.76153846      	6.64242372e-01
0.76307692      	6.64215364e-01
0.76461538      	6.64187596e-01
0.76615385      	6.64159113e-01
0.76769231      	6.64129838e-01
0.76923077      	6.64099772e-01
0.77076923      	6.64068944e-01
0.77230769      	6.64037394e-01
0.77384615      	6.64005172e-01
0.77538462      	6.63972313e-01
0.77692308      	6.63938853e-01
0.77846154      	6.63904830e-01
0.78            	6.63870273e-01
0.78166667      	6.63832223e-01
0.78333333      	6.63793569e-01
0.785           	6.63754382e-01
0.78666667      	6.63714613e-01
0.78833333      	6.63674272e-01
0.79            	6.63633393e-01
0.79166667      	6.63592008e-01
0.79333333      	6.63550146e-01
0.795           	6.63507828e-01
0.79666667      	6.63465059e-01
0.79833333      	6.63421776e-01
0.8             	6.63377941e-01
0.80166667      	6.63333517e-01
0.80333333      	6.63288507e-01
0.805           	6.63243230e-01
0.80666667      	6.63197724e-01
0.80833333      	6.63152074e-01
0.81            	6.63106374e-01
0.81166667      	6.63060701e-01
0.81333333      	6.63015047e-01
0.815           	6.62969411e-01
0.81666667      	6.62923764e-01
0.81833333      	6.62878077e-01
0.82            	6.62832361e-01
0.82166667      	6.62786870e-01
0.82333333      	6.62741667e-01
0.825           	6.62696849e-01
0.82666667      	6.62652522e-01
0.82833333      	6.62608800e-01
0.83            	6.62565761e-01
0.83166667      	6.62523430e-01
0.83333333      	6.62481846e-01
0.835           	6.62441014e-01
0.83666667      	6.62400861e-01
0.83833333      	6.62361525e-01
0.84            	6.62323031e-01
0.84166667      	6.62285422e-01
0.84333333      	6.62248735e-01
0.845           	6.62212993e-01
0.84666667      	6.62178214e-01
0.84833333      	6.62144407e-01
0.85            	6.62111592e-01
0.85166667      	6.62079782e-01
0.85333333      	6.62048986e-01
0.855           	6.62019207e-01
0.85666667      	6.61990447e-01
0.85833333      	6.61962701e-01
0.86            	6.61935958e-01
0.86166667      	6.61910176e-01
0.86333333      	6.61885328e-01
0.865           	6.61861384e-01
0.86666667      	6.61838319e-01
0.86833333      	6.61816106e-01
0.87            	6.61794731e-01
0.87166667      	6.61774177e-01
0.87333333      	6.61754436e-01
0.875           	6.61735480e-01
0.87666667      	6.61717274e-01
0.87833333      	6.61699795e-01
0.88            	6.61683032e-01
0.88166667      	6.61666971e-01
0.88333333      	6.61651590e-01
0.885           	6.61636855e-01
0.88666667      	6.61622731e-01
0.88833333      	6.61609183e-01
0.89            	6.61596168e-01
0.89166667      	6.61583646e-01
0.89333333      	6.61571570e-01
0.895           	6.61559892e-01
0.89666667      	6.61548568e-01
0.89833333      	6.61537553e-01
0.9             	6.61526805e-01
0.90166667      	6.61516282e-01
0.90333333      	6.61505902e-01
0.905           	6.61495566e-01
0.90666667      	6.61485217e-01
0.90833333      	6.61474807e-01
0.91            	6.61464293e-01
0.91166667      	6.61453639e-01
0.91333333      	6.61442817e-01
0.915           	6.61431807e-01
0.91666667      	6.61420406e-01
0.91833333      	6.61408387e-01
0.92            	6.61395688e-01
0.92166667      	6.61382353e-01
0.92333333      	6.61368454e-01
0.925           	6.61354021e-01
0.92666667      	6.61339088e-01
0.92833333      	6.61323707e-01
0.93            	6.61307900e-01
0.93166667      	6.61291709e-01
0.93333333      	6.61275211e-01
0.935           	6.61258362e-01
0.93666667      	6.61241149e-01
0.93833333      	6.61223588e-01
0.94            	6.61205691e-01
0.94166667      	6.61187471e-01
0.94333333      	6.61168948e-01
0.945           	6.61150126e-01
0.94666667      	6.61130711e-01
0.94833333      	6.61110728e-01
0.95            	6.61090153e-01
0.95166667      	6.61068980e-01
0.95333333      	6.61047225e-01
0.955           	6.61024898e-01
0.95666667      	6.61002023e-01
0.95833333      	6.60978640e-01
0.96            	6.60954789e-01
0.96181818      	6.60928116e-01
0.96363636      	6.60900655e-01
0.96545455      	6.60872526e-01
0.96727273      	6.60843805e-01
0.96909091      	6.60814545e-01
0.97090909      	6.60784754e-01
0.97272727      	6.60754440e-01
0.97454545      	6.60723635e-01
0.97636364      	6.60692388e-01
0.97818182      	6.60660674e-01
0.98            	6.60628407e-01
0.98181818      	6.60595731e-01
0.98363636      	6.60562734e-01
0.98545455      	6.60529443e-01
0.98727273      	6.60495844e-01
0.98909091      	6.60461934e-01
0.99090909      	6.60427742e-01
0.99272727      	6.60393319e-01
0.99454545      	6.60358725e-01
0.99636364      	6.60324020e-01
0.99818182      	6.60289187e-01
1               	6.60254307e-01
1.0018182       	6.60219414e-01
1.0036364       	6.60184505e-01
1.0054545       	6.60149578e-01
1.0072727       	6.60114650e-01
1.0090909       	6.60079752e-01
1.0109091       	6.60044928e-01
1.0127273       	6.60010236e-01
1.0145455       	6.59975734e-01
1.0163636       	6.59941504e-01
1.0181818       	6.59907556e-01
1.02            	6.59873753e-01
1.0218182       	6.59840125e-01
1.0236364       	6.59806660e-01
1.0254545       	6.59773361e-01
1.0272727       	6.59740223e-01
1.0290909       	6.59707259e-01
1.0309091       	6.59674512e-01
1.0327273       	6.59642035e-01
1.0345455       	6.59609967e-01
1.0363636       	6.59578233e-01
1.0381818       	6.59546839e-01
1.04            	6.59515778e-01
1.0418182       	6.59484944e-01
1.0436364       	6.59454393e-01
1.0454545       	6.59424108e-01
1.0472727       	6.59394077e-01
1.0490909       	6.59364303e-01
1.0509091       	6.59334801e-01
1.0527273       	6.59305604e-01
1.0545455       	6.59276729e-01
1.0563636       	6.59248162e-01
1.0581818       	6.59219885e-01
1.06            	6.59191785e-01
1.0618182       	6.59163839e-01
1.0636364       	6.59136049e-01
1.0654545       	6.59108402e-01
1.0672727       	6.59080897e-01
1.0690909       	6.59053620e-01
1.0709091       	6.59026642e-01
1.0727273       	6.58999976e-01
1.0745455       	6.58973596e-01
1.0763636       	6.58947463e-01
1.0781818       	6.58921539e-01
1.08            	6.58895787e-01
1.0818182       	6.58870159e-01
1.0836364       	6.58844614e-01
1.0854545       	6.58819111e-01
1.0872727       	6.58793613e-01
1.0890909       	6.58768085e-01
1.0909091       	6.58742471e-01
1.0927273       	6.58716733e-01
1.0945455       	6.58690851e-01
1.0963636       	6.58664816e-01
1.0981818       	6.58638622e-01
1.1             	6.58612217e-01
1.1018182       	6.58585593e-01
1.1036364       	6.58558765e-01
1.1052727       	6.58534591e-01
1.1069091       	6.58510433e-01
1.1085455       	6.58486235e-01
1.1099773       	6.58465142e-01
1.1114091       	6.58444102e-01
1.1128409       	6.58422985e-01
1.1142727       	6.58401806e-01
1.1157045       	6.58380572e-01
1.1171364       	6.58359233e-01
1.1185682       	6.58337639e-01
1.12            	6.58315795e-01
1.12125         	6.58296620e-01
1.1224219       	6.58278578e-01
1.1235938       	6.58260400e-01
1.1247656       	6.58242056e-01
1.1259375       	6.58223554e-01
1.1271094       	6.58204904e-01
1.1282813       	6.58186115e-01
1.1294531       	6.58167199e-01
1.130625        	6.58148167e-01
1.1317969       	6.58129029e-01
1.1329688       	6.58109800e-01
1.1341406       	6.58090511e-01
1.1353125       	6.58071172e-01
1.1364844       	6.58051797e-01
1.1376563       	6.58032395e-01
1.1388281       	6.58012978e-01
1.14            	6.57993553e-01
1.141           	6.57977038e-01
1.14195         	6.57961428e-01
1.1427348       	6.57948599e-01
1.1435196       	6.57935818e-01
1.1443043       	6.57923040e-01
1.1450518       	6.57910877e-01
1.1457992       	6.57898724e-01
1.1465466       	6.57886571e-01
1.147294        	6.57874417e-01
1.1480414       	6.57862264e-01
1.1487449       	6.57850839e-01
1.1493701       	6.57840714e-01
1.1499607       	6.57831180e-01
1.1505184       	6.57822192e-01
1.1510452       	6.57813718e-01
1.1515719       	6.57805252e-01
1.1520987       	6.57796788e-01
1.1525925       	6.57788858e-01
1.1530864       	6.57780937e-01
1.1535802       	6.57773018e-01
1.154074        	6.57765099e-01
1.1545678       	6.57757183e-01
1.1550205       	6.57749935e-01
1.1554732       	6.57742698e-01
1.1559259       	6.57735464e-01
1.1563786       	6.57728233e-01
1.1568312       	6.57721006e-01
1.1572839       	6.57713783e-01
1.1577366       	6.57706564e-01
1.1581893       	6.57699351e-01
1.158642        	6.57692143e-01
1.1590946       	6.57684941e-01
1.1595473       	6.57677746e-01
1.16            	6.57670557e-01
1.1604651       	6.57663178e-01
1.1609416       	6.57655623e-01
1.161418        	6.57648075e-01
1.1618945       	6.57640537e-01
1.162371        	6.57633011e-01
1.1628607       	6.57625285e-01
1.1633503       	6.57617569e-01
1.16384         	6.57609868e-01
1.164345        	6.57601943e-01
1.16485         	6.57594037e-01
1.165355        	6.57586154e-01
1.16586         	6.57578296e-01
1.1663837       	6.57570170e-01
1.1669074       	6.57562067e-01
1.1674311       	6.57553994e-01
1.1679548       	6.57545949e-01
1.1685024       	6.57537568e-01
1.1690499       	6.57529215e-01
1.1695974       	6.57520896e-01
1.1701449       	6.57512612e-01
1.1706924       	6.57504363e-01
1.1712399       	6.57496151e-01
1.1718239       	6.57487426e-01
1.1724079       	6.57478734e-01
1.1729919       	6.57470085e-01
1.1735759       	6.57461480e-01
1.1741599       	6.57452919e-01
1.1747439       	6.57444403e-01
1.1753279       	6.57435932e-01
1.1759119       	6.57427506e-01
1.176496        	6.57419126e-01
1.17708         	6.57410792e-01
1.177664        	6.57402505e-01
1.178248        	6.57394264e-01
1.178832        	6.57386069e-01
1.179416        	6.57377921e-01
1.18            	6.57369818e-01
1.1806452       	6.57360912e-01
1.181362        	6.57351054e-01
1.1821075       	6.57340853e-01
1.182853        	6.57330722e-01
1.1836325       	6.57320208e-01
1.1844508       	6.57309244e-01
1.1852692       	6.57298364e-01
1.1861357       	6.57286940e-01
1.1870022       	6.57275610e-01
1.1878688       	6.57264388e-01
1.1888019       	6.57252411e-01
1.1897351       	6.57240540e-01
1.1906683       	6.57228794e-01
1.1916014       	6.57217173e-01
1.1925346       	6.57205676e-01
1.1934678       	6.57194302e-01
1.1945565       	6.57181154e-01
1.1956452       	6.57168122e-01
1.1967339       	6.57155258e-01
1.1978226       	6.57142562e-01
1.1989113       	6.57130032e-01
1.2             	6.57117664e-01
1.2011765       	6.57104462e-01
1.2023529       	6.57091419e-01
1.2035294       	6.57078562e-01
1.2047059       	6.57065889e-01
1.2058824       	6.57053397e-01
1.2070588       	6.57041083e-01
1.2082353       	6.57028943e-01
1.2094118       	6.57016975e-01
1.2105882       	6.57005182e-01
1.2117647       	6.56993556e-01
1.2129412       	6.56982084e-01
1.2141176       	6.56970767e-01
1.2152941       	6.56959599e-01
1.2164706       	6.56948577e-01
1.2176471       	6.56937696e-01
1.2188235       	6.56926951e-01
1.22            	6.56916340e-01
1.22125         	6.56905193e-01
1.2225          	6.56894171e-01
1.22375         	6.56883291e-01
1.225           	6.56872551e-01
1.22625         	6.56861948e-01
1.2275          	6.56851480e-01
1.22875         	6.56841144e-01
1.23            	6.56830940e-01
1.23125         	6.56820866e-01
1.2325          	6.56810920e-01
1.23375         	6.56801101e-01
1.235           	6.56791408e-01
1.23625         	6.56781840e-01
1.2375          	6.56772396e-01
1.23875         	6.56763076e-01
1.24            	6.56753878e-01
1.24125         	6.56744803e-01
1.2425          	6.56735854e-01
1.2438462       	6.56726347e-01
1.2450888       	6.56717699e-01
1.2463314       	6.56709199e-01
1.247574        	6.56700822e-01
1.2488166       	6.56692566e-01
1.2502145       	6.56683405e-01
1.2516124       	6.56674363e-01
1.2528107       	6.56666758e-01
1.2540089       	6.56659304e-01
1.2552071       	6.56651956e-01
1.2564053       	6.56644714e-01
1.2576036       	6.56637578e-01
1.2588018       	6.56630544e-01
1.26            	6.56623614e-01
1.26125         	6.56616486e-01
1.2625          	6.56609458e-01
1.26375         	6.56602540e-01
1.265           	6.56595729e-01
1.26625         	6.56589025e-01
1.2675          	6.56582427e-01
1.26875         	6.56575933e-01
1.27            	6.56569543e-01
1.27125         	6.56563255e-01
1.2725          	6.56557069e-01
1.27375         	6.56550983e-01
1.275           	6.56544997e-01
1.27625         	6.56539112e-01
1.2775          	6.56533328e-01
1.27875         	6.56527643e-01
1.28            	6.56522057e-01
1.28125         	6.56516570e-01
1.2825          	6.56511180e-01
1.28375         	6.56505886e-01
1.285           	6.56500689e-01
1.2863636       	6.56495119e-01
1.2877273       	6.56489648e-01
1.2890909       	6.56484289e-01
1.2904545       	6.56479044e-01
1.2918182       	6.56473909e-01
1.2931818       	6.56468884e-01
1.2945455       	6.56463968e-01
1.2959091       	6.56459159e-01
1.2972727       	6.56454457e-01
1.2986364       	6.56449858e-01
1.3             	6.56445362e-01
1.3014286       	6.56440758e-01
1.3029762       	6.56435882e-01
1.3045238       	6.56431122e-01
1.3059307       	6.56426910e-01
1.3073377       	6.56422814e-01
1.3089205       	6.56418320e-01
1.3105032       	6.56413934e-01
1.312086        	6.56409674e-01
1.3136688       	6.56405537e-01
1.3152516       	6.56401520e-01
1.3168344       	6.56397623e-01
1.3184172       	6.56393841e-01
1.32            	6.56390174e-01
1.3216667       	6.56386431e-01
1.3229762       	6.56383577e-01
1.3243948       	6.56380587e-01
1.3258135       	6.56377672e-01
1.3272321       	6.56374836e-01
1.3286508       	6.56372078e-01
1.3302721       	6.56369014e-01
1.3318934       	6.56366035e-01
1.3335147       	6.56363151e-01
1.3351361       	6.56360364e-01
1.3367574       	6.56357671e-01
1.3383787       	6.56355070e-01
1.34            	6.56352559e-01
1.3415385       	6.56350260e-01
1.3432168       	6.56347839e-01
1.3448951       	6.56345500e-01
1.3465734       	6.56343245e-01
1.3482517       	6.56341074e-01
1.3502098       	6.56338639e-01
1.3521678       	6.56336299e-01
1.3541259       	6.56334063e-01
1.3560839       	6.56331929e-01
1.358042        	6.56329895e-01
1.36            	6.56327956e-01
1.362           	6.56326070e-01
1.364           	6.56324273e-01
1.366           	6.56322566e-01
1.368           	6.56320943e-01
1.37            	6.56319405e-01
1.372           	6.56317950e-01
1.374           	6.56316570e-01
1.376           	6.56315258e-01
1.378           	6.56314009e-01
1.38            	6.56312815e-01
1.3822222       	6.56311549e-01
1.3844444       	6.56310336e-01
1.3866667       	6.56309177e-01
1.3888889       	6.56308066e-01
1.3911111       	6.56306999e-01
1.3933333       	6.56305973e-01
1.3955556       	6.56304985e-01
1.3977778       	6.56304031e-01
1.4             	6.56303109e-01
1.4022222       	6.56302216e-01
1.4044444       	6.56301350e-01
1.4066667       	6.56300509e-01
1.4088889       	6.56299692e-01
1.4111111       	6.56298896e-01
1.4133333       	6.56298120e-01
1.4155556       	6.56297362e-01
1.4177778       	6.56296621e-01
1.42            	6.56295896e-01
1.4225          	6.56295095e-01
1.425           	6.56294308e-01
1.4275          	6.56293534e-01
1.43            	6.56292773e-01
1.4325          	6.56292023e-01
1.435           	6.56291281e-01
1.4375          	6.56290544e-01
1.44            	6.56289811e-01
1.4425          	6.56289079e-01
1.445           	6.56288348e-01
1.4475          	6.56287619e-01
1.45            	6.56286893e-01
1.4525          	6.56286170e-01
1.455           	6.56285452e-01
1.4575          	6.56284738e-01
1.46            	6.56284029e-01
1.4628571       	6.56283220e-01
1.4657143       	6.56282415e-01
1.4685714       	6.56281613e-01
1.4714286       	6.56280815e-01
1.4742857       	6.56280019e-01
1.4771429       	6.56279227e-01
1.48            	6.56278438e-01
1.4828571       	6.56277652e-01
1.4857143       	6.56276868e-01
1.4885714       	6.56276087e-01
1.4914286       	6.56275311e-01
1.4942857       	6.56274539e-01
1.4971429       	6.56273775e-01
1.5             	6.56273020e-01
1.5028571       	6.56272274e-01
1.5057143       	6.56271540e-01
1.5085714       	6.56270818e-01
1.5114286       	6.56270108e-01
1.5142857       	6.56269413e-01
1.5171429       	6.56268732e-01
1.52            	6.56268065e-01
1.5225          	6.56267495e-01
1.525           	6.56266938e-01
1.5275          	6.56266394e-01
1.53            	6.56265863e-01
1.5325          	6.56265345e-01
1.535           	6.56264839e-01
1.5375          	6.56264345e-01
1.54            	6.56263862e-01
1.5428571       	6.56263323e-01
1.5457143       	6.56262796e-01
1.5485714       	6.56262282e-01
1.5514286       	6.56261783e-01
1.5542857       	6.56261298e-01
1.5571429       	6.56260827e-01
1.56            	6.56260370e-01
1.5628571       	6.56259927e-01
1.5657143       	6.56259498e-01
1.5685714       	6.56259082e-01
1.5714286       	6.56258679e-01
1.5742857       	6.56258287e-01
1.5771429       	6.56257904e-01
1.58            	6.56257532e-01
1.5828571       	6.56257170e-01
1.5857143       	6.56256817e-01
1.5885714       	6.56256475e-01
1.5914286       	6.56256142e-01
1.5942857       	6.56255820e-01
1.5971429       	6.56255508e-01
1.6             	6.56255204e-01
1.6028571       	6.56254908e-01
1.6057143       	6.56254622e-01
1.6085714       	6.56254344e-01
1.6114286       	6.56254076e-01
1.6142857       	6.56253815e-01
1.6171429       	6.56253563e-01
1.62            	6.56253321e-01
1.6228571       	6.56253089e-01
1.6257143       	6.56252867e-01
1.6285714       	6.56252654e-01
1.6314286       	6.56252450e-01
1.6342857       	6.56252253e-01
1.6371429       	6.56252062e-01
1.64            	6.56251876e-01
1.6425          	6.56251718e-01
1.645           	6.56251562e-01
1.6475          	6.56251410e-01
1.65            	6.56251261e-01
1.6525          	6.56251113e-01
1.655           	6.56250968e-01
1.6575          	6.56250823e-01
1.66            	6.56250679e-01
1.6625          	6.56250535e-01
1.665           	6.56250390e-01
1.6675          	6.56250243e-01
1.67            	6.56250093e-01
1.6725          	6.56249939e-01
1.675           	6.56249781e-01
1.6775          	6.56249618e-01
1.68            	6.56249449e-01
1.6822222       	6.56249295e-01
1.6844444       	6.56249136e-01
1.6866667       	6.56248971e-01
1.6888889       	6.56248799e-01
1.6911111       	6.56248619e-01
1.6933333       	6.56248432e-01
1.6955556       	6.56248236e-01
1.6977778       	6.56248031e-01
1.7             	6.56247816e-01
1.7022222       	6.56247589e-01
1.7044444       	6.56247350e-01
1.7066667       	6.56247097e-01
1.7088889       	6.56246831e-01
1.7111111       	6.56246550e-01
1.7133333       	6.56246255e-01
1.7155556       	6.56245945e-01
1.7177778       	6.56245620e-01
1.72            	6.56245280e-01
1.7222222       	6.56244924e-01
1.7244444       	6.56244552e-01
1.7266667       	6.56244166e-01
1.7288889       	6.56243765e-01
1.7311111       	6.56243350e-01
1.7333333       	6.56242921e-01
1.7355556       	6.56242480e-01
1.7377778       	6.56242026e-01
1.74            	6.56241560e-01
1.7422222       	6.56241084e-01
1.7444444       	6.56240598e-01
1.7466667       	6.56240102e-01
1.7488889       	6.56239598e-01
1.7511111       	6.56239086e-01
1.7533333       	6.56238570e-01
1.7555556       	6.56238049e-01
1.7577778       	6.56237526e-01
1.76            	6.56237000e-01
1.7622222       	6.56236473e-01
1.7644444       	6.56235947e-01
1.7666667       	6.56235422e-01
1.7688889       	6.56234899e-01
1.7711111       	6.56234378e-01
1.7733333       	6.56233862e-01
1.7755556       	6.56233349e-01
1.7777778       	6.56232842e-01
1.78            	6.56232339e-01
1.7822222       	6.56231843e-01
1.7844444       	6.56231352e-01
1.7866667       	6.56230867e-01
1.7888889       	6.56230388e-01
1.7911111       	6.56229916e-01
1.7933333       	6.56229450e-01
1.7955556       	6.56228990e-01
1.7977778       	6.56228537e-01
1.8             	6.56228090e-01
1.8022222       	6.56227650e-01
1.8044444       	6.56227216e-01
1.8066667       	6.56226789e-01
1.8088889       	6.56226368e-01
1.8116667       	6.56225851e-01
1.8144444       	6.56225342e-01
1.8172222       	6.56224842e-01
1.82            	6.56224353e-01
1.8225          	6.56223923e-01
1.825           	6.56223501e-01
1.8275          	6.56223087e-01
1.83            	6.56222679e-01
1.8325          	6.56222278e-01
1.835           	6.56221883e-01
1.8375          	6.56221494e-01
1.84            	6.56221112e-01
1.8428571       	6.56220681e-01
1.8457143       	6.56220256e-01
1.8485714       	6.56219840e-01
1.8514286       	6.56219433e-01
1.8542857       	6.56219034e-01
1.8571429       	6.56218645e-01
1.86            	6.56218264e-01
1.8628571       	6.56217891e-01
1.8657143       	6.56217528e-01
1.8685714       	6.56217173e-01
1.8714286       	6.56216828e-01
1.8742857       	6.56216491e-01
1.8771429       	6.56216163e-01
1.88            	6.56215844e-01
1.8828571       	6.56215533e-01
1.8857143       	6.56215232e-01
1.8885714       	6.56214939e-01
1.8914286       	6.56214656e-01
1.8942857       	6.56214380e-01
1.8971429       	6.56214115e-01
1.9             	6.56213858e-01
1.9028571       	6.56213611e-01
1.9057143       	6.56213373e-01
1.9085714       	6.56213143e-01
1.9114286       	6.56212923e-01
1.9142857       	6.56212711e-01
1.9171429       	6.56212508e-01
1.92            	6.56212313e-01
1.9225          	6.56212150e-01
1.925           	6.56211994e-01
1.9275          	6.56211843e-01
1.93            	6.56211699e-01
1.9325          	6.56211561e-01
1.935           	6.56211429e-01
1.9375          	6.56211302e-01
1.94            	6.56211182e-01
1.9428571       	6.56211051e-01
1.9457143       	6.56210929e-01
1.9485714       	6.56210808e-01
1.9508571       	6.56210719e-01
1.9531429       	6.56210634e-01
1.9554286       	6.56210554e-01
1.9577143       	6.56210478e-01
1.96            	6.56210406e-01
1.9625          	6.56210332e-01
1.965           	6.56210262e-01
1.9675          	6.56210195e-01
1.97            	6.56210133e-01
1.9725          	6.56210075e-01
1.975           	6.56210021e-01
1.9775          	6.56209970e-01
1.98            	6.56209923e-01
1.9825          	6.56209879e-01
1.9854167       	6.56209831e-01
1.9883333       	6.56209787e-01
1.99125         	6.56209747e-01
1.9934375       	6.56209719e-01
1.995625        	6.56209693e-01
1.9978125       	6.56209669e-01
2               	6.56209646e-01
2.0025          	6.56209623e-01
2.005           	6.56209601e-01
2.0075          	6.56209580e-01
2.01            	6.56209561e-01
2.0125          	6.56209544e-01
2.015           	6.56209528e-01
2.0175          	6.56209513e-01
2.02            	6.56209499e-01
2.0225          	6.56209487e-01
2.025           	6.56209475e-01
2.0275          	6.56209464e-01
2.03            	6.56209454e-01
2.0325          	6.56209445e-01
2.035           	6.56209436e-01
2.0375          	6.56209428e-01
2.04            	6.56209420e-01
2.0425          	6.56209413e-01
2.045           	6.56209407e-01
2.0475          	6.56209400e-01
2.05            	6.56209394e-01
2.0525          	6.56209389e-01
2.055           	6.56209383e-01
2.0575          	6.56209378e-01
2.06            	6.56209373e-01
2.0625          	6.56209369e-01
2.065           	6.56209364e-01
2.0675          	6.56209360e-01
2.07            	6.56209356e-01
2.0725          	6.56209352e-01
2.075           	6.56209348e-01
2.0775          	6.56209345e-01
2.08            	6.56209341e-01
2.0825          	6.56209338e-01
2.085           	6.56209335e-01
2.0875          	6.56209332e-01
2.09            	6.56209329e-01
2.0925          	6.56209327e-01
2.095           	6.56209324e-01
2.0975          	6.56209322e-01
2.1             	6.56209319e-01
2.1028571       	6.56209316e-01
2.1057143       	6.56209314e-01
2.1085714       	6.56209311e-01
2.1114286       	6.56209309e-01
2.1142857       	6.56209307e-01
2.1171429       	6.56209305e-01
2.12            	6.56209303e-01
2.1228571       	6.56209301e-01
2.1257143       	6.56209299e-01
2.1285714       	6.56209297e-01
2.1314286       	6.56209295e-01
2.1342857       	6.56209294e-01
2.1371429       	6.56209292e-01
2.14            	6.56209291e-01
2.1428571       	6.56209289e-01
2.1457143       	6.56209288e-01
2.1485714       	6.56209287e-01
2.1514286       	6.56209286e-01
2.1542857       	6.56209285e-01
2.1571429       	6.56209284e-01
2.16            	6.56209283e-01
2.1628571       	6.56209282e-01
2.1657143       	6.56209281e-01
2.1685714       	6.56209280e-01
2.1714286       	6.56209279e-01
2.1742857       	6.56209278e-01
2.1771429       	6.56209278e-01
2.18            	6.56209277e-01
2.1828571       	6.56209276e-01
2.1857143       	6.56209276e-01
2.1885714       	6.56209275e-01
2.1914286       	6.56209274e-01
2.1942857       	6.56209274e-01
2.1971429       	6.56209273e-01
2.2             	6.56209273e-01
2.2028571       	6.56209272e-01
2.2062857       	6.56209273e-01
2.2097143       	6.56209274e-01
2.2131429       	6.56209271e-01
2.2165714       	6.56209270e-01
2.22            	6.56209269e-01
2.2233333       	6.56209268e-01
2.2266667       	6.56209267e-01
2.23            	6.56209266e-01
2.2333333       	6.56209266e-01
2.2366667       	6.56209265e-01
2.24            	6.56209264e-01
2.2433333       	6.56209264e-01
2.2466667       	6.56209263e-01
2.25            	6.56209263e-01
2.2533333       	6.56209262e-01
2.2566667       	6.56209262e-01
2.26            	6.56209262e-01
2.2633333       	6.56209261e-01
2.2666667       	6.56209261e-01
2.27            	6.56209261e-01
2.2733333       	6.56209261e-01
2.2766667       	6.56209260e-01
2.28            	6.56209260e-01
2.2833333       	6.56209260e-01
2.2866667       	6.56209260e-01
2.29            	6.56209260e-01
2.2933333       	6.56209260e-01
2.2966667       	6.56209260e-01
2.3             	6.56209260e-01
2.3033333       	6.56209259e-01
2.3066667       	6.56209259e-01
2.31            	6.56209259e-01
2.3133333       	6.56209259e-01
2.3166667       	6.56209259e-01
2.32            	6.56209259e-01
2.3233333       	6.56209259e-01
2.3266667       	6.56209259e-01
2.33            	6.56209259e-01
2.3333333       	6.56209259e-01
2.3366667       	6.56209259e-01
2.34            	6.56209259e-01
2.3433333       	6.56209259e-01
2.3466667       	6.56209258e-01
2.35            	6.56209258e-01
2.3533333       	6.56209258e-01
2.3566667       	6.56209258e-01
2.36            	6.56209258e-01
2.3633333       	6.56209257e-01
2.3666667       	6.56209257e-01
2.37            	6.56209257e-01
2.3733333       	6.56209257e-01
2.3766667       	6.56209256e-01
2.38            	6.56209256e-01
2.3833333       	6.56209255e-01
2.3866667       	6.56209255e-01
2.39            	6.56209254e-01
2.3933333       	6.56209254e-01
2.3966667       	6.56209253e-01
2.4             	6.56209253e-01
2.4033333       	6.56209252e-01
2.4066667       	6.56209251e-01
2.41            	6.56209259e-01
2.4133333       	6.56209259e-01
2.4166667       	6.56209259e-01
2.42            	6.56209258e-01
2.4233333       	6.56209258e-01
2.4266667       	6.56209258e-01
2.43            	6.56209257e-01
2.4333333       	6.56209257e-01
2.4366667       	6.56209256e-01
2.44            	6.56209255e-01
2.4433333       	6.56209255e-01
2.4466667       	6.56209254e-01
2.45            	6.56209254e-01
2.4533333       	6.56209253e-01
2.4566667       	6.56209252e-01
2.46            	6.56209252e-01
2.464           	6.56209250e-01
2.468           	6.56209248e-01
2.472           	6.56209247e-01
2.476           	6.56209245e-01
2.48            	6.56209244e-01
2.484           	6.56209242e-01
2.4872          	6.56209242e-01
2.4904          	6.56209241e-01
2.4936          	6.56209240e-01
2.4968          	6.56209240e-01
2.5             	6.56209239e-01
2.5033333       	6.56209238e-01
2.5066667       	6.56209238e-01
2.51            	6.56209237e-01
2.5133333       	6.56209236e-01
2.5166667       	6.56209235e-01
2.52            	6.56209235e-01
2.5233333       	6.56209234e-01
2.5266667       	6.56209233e-01
2.53            	6.56209233e-01
2.5333333       	6.56209232e-01
2.5366667       	6.56209232e-01
2.54            	6.56209232e-01
2.5433333       	6.56209232e-01
2.5466667       	6.56209232e-01
2.55            	6.56209233e-01
2.5533333       	6.56209235e-01
2.5566667       	6.56209235e-01
2.56            	6.56209235e-01
2.5633333       	6.56209235e-01
2.5666667       	6.56209235e-01
2.57            	6.56209235e-01
2.5733333       	6.56209236e-01
2.5766667       	6.56209236e-01
2.58            	6.56209236e-01
2.584           	6.56209237e-01
2.588           	6.56209237e-01
2.592           	6.56209238e-01
2.596           	6.56209239e-01
2.6             	6.56209240e-01
2.604           	6.56209240e-01
2.608           	6.56209241e-01
2.612           	6.56209241e-01
2.616           	6.56209242e-01
2.62            	6.56209243e-01
2.624           	6.56209243e-01
2.628           	6.56209244e-01
2.632           	6.56209245e-01
2.636           	6.56209247e-01
2.64            	6.56209248e-01
2.644           	6.56209250e-01
2.648           	6.56209252e-01
2.652           	6.56209254e-01
2.656           	6.56209257e-01
2.66            	6.56209258e-01
2.664           	6.56209260e-01
2.668           	6.56209261e-01
2.672           	6.56209262e-01
2.676           	6.56209262e-01
2.68            	6.56209263e-01
2.684           	6.56209264e-01
2.688           	6.56209264e-01
2.692           	6.56209265e-01
2.696           	6.56209266e-01
2.7             	6.56209266e-01
2.704           	6.56209266e-01
2.708           	6.56209267e-01
2.712           	6.56209267e-01
2.716           	6.56209267e-01
2.72            	6.56209267e-01
2.725           	6.56209267e-01
2.73            	6.56209268e-01
2.7333333       	6.56209268e-01
2.7366667       	6.56209268e-01
2.74            	6.56209268e-01
2.744           	6.56209268e-01
2.748           	6.56209269e-01
2.752           	6.56209270e-01
2.756           	6.56209272e-01
2.76            	6.56209271e-01
2.764           	6.56209270e-01
2.768           	6.56209270e-01
2.772           	6.56209270e-01
2.776           	6.56209270e-01
2.78            	6.56209270e-01
2.784           	6.56209274e-01
2.788           	6.56209274e-01
2.792           	6.56209275e-01
2.796           	6.56209276e-01
2.8             	6.56209277e-01
2.804           	6.56209277e-01
2.808           	6.56209277e-01
2.812           	6.56209277e-01
2.816           	6.56209277e-01
2.82            	6.56209277e-01
2.824           	6.56209277e-01
2.828           	6.56209276e-01
2.832           	6.56209276e-01
2.836           	6.56209276e-01
2.84            	6.56209276e-01
2.845           	6.56209275e-01
2.85            	6.56209275e-01
2.855           	6.56209275e-01
2.86            	6.56209275e-01
2.865           	6.56209275e-01
2.87            	6.56209275e-01
2.875           	6.56209275e-01
2.88            	6.56209275e-01
2.885           	6.56209275e-01
2.89            	6.56209274e-01
2.895           	6.56209274e-01
2.9             	6.56209274e-01
2.905           	6.56209274e-01
2.91            	6.56209273e-01
2.915           	6.56209273e-01
2.92            	6.56209273e-01
2.925           	6.56209272e-01
2.93            	6.56209271e-01
2.935           	6.56209270e-01
2.94            	6.56209268e-01
2.945           	6.56209266e-01
2.95            	6.56209263e-01
2.955           	6.56209260e-01
2.96            	6.56209255e-01
2.965           	6.56209248e-01
2.97            	6.56209240e-01
2.975           	6.56209229e-01
2.98            	6.56209214e-01
2.985           	6.56209195e-01
2.99            	6.56209170e-01
2.995           	6.56209137e-01
3               	6.56209093e-01
3.005           	6.56209034e-01
3.01            	6.56208957e-01
3.015           	6.56208854e-01
3.02            	6.56208717e-01
3.025           	6.56208536e-01
3.03            	6.56208296e-01
3.035           	6.56207979e-01
3.04            	6.56207563e-01
3.045           	6.56207029e-01
3.05            	6.56206348e-01
3.055           	6.56205490e-01
3.06            	6.56204459e-01
3.065           	6.56203260e-01
3.07            	6.56201909e-01
3.075           	6.56200409e-01
3.08            	6.56198797e-01
3.085           	6.56197069e-01
3.09            	6.56195251e-01
3.095           	6.56193363e-01
3.1             	6.56191419e-01
3.105           	6.56189394e-01
3.11            	6.56187270e-01
3.115           	6.56185035e-01
3.12            	6.56182678e-01
3.125           	6.56180208e-01
3.13            	6.56177613e-01
3.135           	6.56174902e-01
3.14            	6.56172084e-01
3.145           	6.56169166e-01
3.15            	6.56166142e-01
3.155           	6.56163027e-01
3.16            	6.56159842e-01
3.165           	6.56156583e-01
3.17            	6.56153250e-01
3.175           	6.56149842e-01
3.18            	6.56146362e-01
3.185           	6.56142834e-01
3.19            	6.56139276e-01
3.195           	6.56135703e-01
3.2             	6.56132111e-01
3.205           	6.56128506e-01
3.21            	6.56124901e-01
3.215           	6.56121307e-01
3.22            	6.56117715e-01
3.225           	6.56114118e-01
3.23            	6.56110507e-01
3.235           	6.56106872e-01
3.24            	6.56103212e-01
3.245           	6.56099548e-01
3.25            	6.56095873e-01
3.255           	6.56092198e-01
3.26            	6.56088521e-01
3.265           	6.56084851e-01
3.27            	6.56081177e-01
3.275           	6.56077488e-01
3.28            	6.56073768e-01
3.285           	6.56070017e-01
3.29            	6.56066223e-01
3.295           	6.56062368e-01
3.3             	6.56058450e-01
3.305           	6.56054454e-01
3.31            	6.56050334e-01
3.315           	6.56046086e-01
3.32            	6.56041699e-01
3.325           	6.56037178e-01
3.33            	6.56032530e-01
3.335           	6.56027743e-01
3.34            	6.56022815e-01
3.345           	6.56017757e-01
3.35            	6.56012569e-01
3.355           	6.56007267e-01
3.36            	6.56001831e-01
3.365           	6.55996265e-01
3.37            	6.55990588e-01
3.375           	6.55984845e-01
3.38            	6.55979101e-01
3.385           	6.55973402e-01
3.39            	6.55967784e-01
3.395           	6.55962287e-01
3.4             	6.55956936e-01
3.405           	6.55951749e-01
3.41            	6.55946737e-01
3.415           	6.55941905e-01
3.42            	6.55937254e-01
3.425           	6.55932790e-01
3.43            	6.55928508e-01
3.435           	6.55924398e-01
3.44            	6.55920452e-01
3.445           	6.55916655e-01
3.45            	6.55912991e-01
3.455           	6.55909462e-01
3.46            	6.55906068e-01
3.465           	6.55902805e-01
3.47            	6.55899669e-01
3.475           	6.55896656e-01
3.48            	6.55893762e-01
3.485           	6.55890991e-01
3.49            	6.55888341e-01
3.495           	6.55885808e-01
3.5             	6.55883386e-01
3.505           	6.55881070e-01
3.51            	6.55878853e-01
3.515           	6.55876739e-01
3.52            	6.55874723e-01
3.525           	6.55872810e-01
3.53            	6.55871000e-01
3.535           	6.55869293e-01
3.54            	6.55867682e-01
3.545           	6.55866164e-01
3.55            	6.55864738e-01
3.555           	6.55863405e-01
3.56            	6.55862159e-01
3.565           	6.55860993e-01
3.57            	6.55859903e-01
3.575           	6.55858864e-01
3.58            	6.55857890e-01
3.585           	6.55856976e-01
3.59            	6.55856119e-01
3.595           	6.55855315e-01
3.6             	6.55854561e-01
3.605           	6.55853855e-01
3.61            	6.55853195e-01
3.615           	6.55852579e-01
3.62            	6.55852004e-01
3.625           	6.55851469e-01
3.63            	6.55850973e-01
3.635           	6.55850513e-01
3.64            	6.55850088e-01
3.644           	6.55849779e-01
3.648           	6.55849491e-01
3.652           	6.55849222e-01
3.656           	6.55848969e-01
3.66            	6.55848731e-01
3.664           	6.55848508e-01
3.668           	6.55848299e-01
3.672           	6.55848102e-01
3.676           	6.55847918e-01
3.68            	6.55847747e-01
3.684           	6.55847588e-01
3.688           	6.55847438e-01
3.692           	6.55847298e-01
3.696           	6.55847167e-01
3.7             	6.55847043e-01
3.705           	6.55846892e-01
3.71            	6.55846751e-01
3.715           	6.55846620e-01
3.72            	6.55846499e-01
3.725           	6.55846388e-01
3.73            	6.55846286e-01
3.735           	6.55846193e-01
3.74            	6.55846108e-01
3.745           	6.55846031e-01
3.75            	6.55845961e-01
3.755           	6.55845898e-01
3.76            	6.55845841e-01
3.765           	6.55845789e-01
3.77            	6.55845743e-01
3.775           	6.55845701e-01
3.78            	6.55845663e-01
3.785           	6.55845628e-01
3.79            	6.55845597e-01
3.795           	6.55845568e-01
3.8             	6.55845543e-01
3.805           	6.55845520e-01
3.81            	6.55845496e-01
3.815           	6.55845475e-01
3.82            	6.55845456e-01
3.825           	6.55845438e-01
3.83            	6.55845422e-01
3.835           	6.55845407e-01
3.84            	6.55845393e-01
3.845           	6.55845380e-01
3.85            	6.55845368e-01
3.855           	6.55845356e-01
3.86            	6.55845346e-01
3.865           	6.55845336e-01
3.87            	6.55845327e-01
3.875           	6.55845318e-01
3.88            	6.55845310e-01
3.885           	6.55845303e-01
3.89            	6.55845296e-01
3.895           	6.55845289e-01
3.9             	6.55845283e-01
3.905           	6.55845276e-01
3.91            	6.55845268e-01
3.915           	6.55845259e-01
3.92            	6.55845255e-01
3.925           	6.55845257e-01
3.93            	6.55845256e-01
3.935           	6.55845254e-01
3.94            	6.55845252e-01
3.945           	6.55845249e-01
3.95            	6.55845247e-01
3.955           	6.55845245e-01
3.96            	6.55845243e-01
3.965           	6.55845241e-01
3.97            	6.55845240e-01
3.975           	6.55845238e-01
3.98            	6.55845236e-01
3.985           	6.55845235e-01
3.99            	6.55845233e-01
3.995           	6.55845232e-01
4               	6.55845231e-01
4.005           	6.55845229e-01
4.01            	6.55845228e-01
4.015           	6.55845227e-01
4.02            	6.55845226e-01
4.025           	6.55845225e-01
4.03            	6.55845225e-01
4.035           	6.55845223e-01
4.04            	6.55845222e-01
4.045           	6.55845221e-01
4.05            	6.55845219e-01
4.055           	6.55845218e-01
4.06            	6.55845217e-01
4.065           	6.55845217e-01
4.07            	6.55845216e-01
4.075           	6.55845215e-01
4.08            	6.55845214e-01
4.085           	6.55845213e-01
4.09            	6.55845212e-01
4.095           	6.55845212e-01
4.1             	6.55845211e-01
4.105           	6.55845210e-01
4.11            	6.55845210e-01
4.115           	6.55845209e-01
4.12            	6.55845209e-01
4.125           	6.55845208e-01
4.13            	6.55845207e-01
4.135           	6.55845207e-01
4.14            	6.55845206e-01
4.145           	6.55845206e-01
4.15            	6.55845206e-01
4.155           	6.55845205e-01
4.16            	6.55845205e-01
4.165           	6.55845204e-01
4.17            	6.55845204e-01
4.175           	6.55845204e-01
4.18            	6.55845203e-01
4.185           	6.55845203e-01
4.19            	6.55845203e-01
4.195           	6.55845202e-01
4.2             	6.55845202e-01
4.205           	6.55845202e-01
4.21            	6.55845202e-01
4.215           	6.55845201e-01
4.22            	6.55845201e-01
4.225           	6.55845201e-01
4.23            	6.55845201e-01
4.235           	6.55845200e-01
4.24            	6.55845200e-01
4.245           	6.55845200e-01
4.25            	6.55845200e-01
4.255           	6.55845199e-01
4.26            	6.55845199e-01
4.265           	6.55845198e-01
4.27            	6.55845198e-01
4.275           	6.55845198e-01
4.28            	6.55845197e-01
4.285           	6.55845197e-01
4.29            	6.55845196e-01
4.295           	6.55845196e-01
4.3             	6.55845195e-01
4.305           	6.55845195e-01
4.31            	6.55845194e-01
4.315           	6.55845194e-01
4.32            	6.55845193e-01
4.325           	6.55845192e-01
4.33            	6.55845192e-01
4.335           	6.55845191e-01
4.34            	6.55845190e-01
4.345           	6.55845189e-01
4.35            	6.55845188e-01
4.355           	6.55845187e-01
4.36            	6.55845186e-01
4.365           	6.55845185e-01
4.37            	6.55845184e-01
4.375           	6.55845183e-01
4.38            	6.55845182e-01
4.385           	6.55845181e-01
4.39            	6.55845180e-01
4.395           	6.55845178e-01
4.4             	6.55845177e-01
4.405           	6.55845176e-01
4.41            	6.55845174e-01
4.415           	6.55845173e-01
4.42            	6.55845172e-01
4.425           	6.55845170e-01
4.43            	6.55845169e-01
4.435           	6.55845168e-01
4.44            	6.55845167e-01
4.445           	6.55845165e-01
4.45            	6.55845164e-01
4.455           	6.55845163e-01
4.46            	6.55845162e-01
4.465           	6.55845161e-01
4.47            	6.55845159e-01
4.475           	6.55845158e-01
4.48            	6.55845155e-01
4.485           	6.55845152e-01
4.49            	6.55845149e-01
4.495           	6.55845143e-01
4.5             	6.55845143e-01
4.505           	6.55845143e-01
4.51            	6.55845143e-01
4.515           	6.55845143e-01
4.52            	6.55845143e-01
4.525           	6.55845143e-01
4.53            	6.55845142e-01
4.535           	6.55845139e-01
4.54            	6.55845137e-01
4.545           	6.55845135e-01
4.55            	6.55845134e-01
4.555           	6.55845133e-01
4.56            	6.55845132e-01
4.565           	6.55845131e-01
4.57            	6.55845130e-01
4.575           	6.55845129e-01
4.58            	6.55845128e-01
4.585           	6.55845127e-01
4.59            	6.55845126e-01
4.595           	6.55845125e-01
4.6             	6.55845124e-01
4.605           	6.55845122e-01
4.61            	6.55845121e-01
4.615           	6.55845120e-01
4.62            	6.55845118e-01
4.625           	6.55845117e-01
4.63            	6.55845115e-01
4.635           	6.55845114e-01
4.64            	6.55845113e-01
4.645           	6.55845111e-01
4.65            	6.55845110e-01
4.655           	6.55845109e-01
4.66            	6.55845108e-01
4.665           	6.55845107e-01
4.67            	6.55845106e-01
4.675           	6.55845105e-01
4.68            	6.55845104e-01
4.685           	6.55845103e-01
4.69            	6.55845102e-01
4.695           	6.55845101e-01
4.7             	6.55845101e-01
4.705           	6.55845100e-01
4.71            	6.55845099e-01
4.715           	6.55845098e-01
4.72            	6.55845098e-01
4.725           	6.55845097e-01
4.73            	6.55845097e-01
4.735           	6.55845096e-01
4.74            	6.55845095e-01
4.745           	6.55845095e-01
4.75            	6.55845094e-01
4.755           	6.55845093e-01
4.76            	6.55845093e-01
4.765           	6.55845092e-01
4.77            	6.55845091e-01
4.775           	6.55845091e-01
4.78            	6.55845090e-01
4.785           	6.55845089e-01
4.79            	6.55845088e-01
4.795           	6.55845088e-01
4.8             	6.55845087e-01
4.805           	6.55845086e-01
4.81            	6.55845085e-01
4.815           	6.55845085e-01
4.82            	6.55845084e-01
4.825           	6.55845083e-01
4.83            	6.55845082e-01
4.835           	6.55845081e-01
4.84            	6.55845081e-01
4.845           	6.55845080e-01
4.85            	6.55845079e-01
4.855           	6.55845078e-01
4.86            	6.55845077e-01
4.8666667       	6.55845073e-01
4.8733333       	6.55845068e-01
4.88            	6.55845062e-01
4.8866667       	6.55845055e-01
4.8933333       	6.55845045e-01
4.9             	6.55845045e-01
4.9066667       	6.55845046e-01
4.9133333       	6.55845051e-01
4.92            	6.55845053e-01
4.9266667       	6.55845054e-01
4.9333333       	6.55845053e-01
4.94            	6.55845053e-01
4.9466667       	6.55845052e-01
4.9533333       	6.55845051e-01
4.96            	6.55845051e-01
4.9666667       	6.55845051e-01
4.9733333       	6.55845053e-01
4.98            	6.55845056e-01
4.9866667       	6.55845059e-01
4.9933333       	6.55845062e-01
5               	6.55845064e-01
5.0066667       	6.55845065e-01
5.0133333       	6.55845065e-01
5.02            	6.55845062e-01
5.0266667       	6.55845059e-01
5.0333333       	6.55845055e-01
5.04            	6.55845050e-01
5.0466667       	6.55845045e-01
5.0533333       	6.55845040e-01
5.06            	6.55845034e-01
5.0666667       	6.55845028e-01
5.0733333       	6.55845022e-01
5.08            	6.55845016e-01
5.0866667       	6.55845009e-01
5.0933333       	6.55845003e-01
5.1             	6.55844997e-01
5.1066667       	6.55844992e-01
5.1133333       	6.55844987e-01
5.12            	6.55844982e-01
5.1266667       	6.55844978e-01
5.1333333       	6.55844975e-01
5.14            	6.55844972e-01
5.1466667       	6.55844970e-01
5.1533333       	6.55844969e-01
5.16            	6.55844967e-01
5.1666667       	6.55844965e-01
5.1733333       	6.55844964e-01
5.18            	6.55844962e-01
5.1866667       	6.55844960e-01
5.1933333       	6.55844958e-01
5.2             	6.55844955e-01
5.205           	6.55844954e-01
5.21            	6.55844953e-01
5.215           	6.55844952e-01
5.22            	6.55844951e-01
5.225           	6.55844949e-01
5.23            	6.55844947e-01
5.235           	6.55844943e-01
5.24            	6.55844943e-01
5.245           	6.55844949e-01
5.25            	6.55844951e-01
5.255           	6.55844953e-01
5.26            	6.55844955e-01
5.265           	6.55844956e-01
5.27            	6.55844958e-01
5.275           	6.55844960e-01
5.28            	6.55844960e-01
5.285           	6.55844958e-01
5.29            	6.55844957e-01
5.295           	6.55844957e-01
5.3             	6.55844957e-01
5.305           	6.55844956e-01
5.31            	6.55844955e-01
5.315           	6.55844955e-01
5.32            	6.55844954e-01
5.324           	6.55844954e-01
5.328           	6.55844954e-01
5.332           	6.55844954e-01
5.336           	6.55844953e-01
5.34            	6.55844953e-01
5.344           	6.55844953e-01
5.348           	6.55844953e-01
5.352           	6.55844952e-01
5.356           	6.55844952e-01
5.36            	6.55844952e-01
5.364           	6.55844952e-01
5.368           	6.55844951e-01
5.372           	6.55844938e-01
5.376           	6.55844925e-01
5.38            	6.55844912e-01
5.384           	6.55844900e-01
5.388           	6.55844888e-01
5.392           	6.55844876e-01
5.396           	6.55844865e-01
5.4             	6.55844853e-01
5.404           	6.55844841e-01
5.408           	6.55844829e-01
5.412           	6.55844816e-01
5.416           	6.55844803e-01
5.42            	6.55844789e-01
5.424           	6.55844776e-01
5.428           	6.55844762e-01
5.432           	6.55844748e-01
5.436           	6.55844734e-01
5.44            	6.55844720e-01
5.4433333       	6.55844713e-01
5.4466667       	6.55844706e-01
5.45            	6.55844700e-01
5.4533333       	6.55844694e-01
5.4566667       	6.55844688e-01
5.46            	6.55844682e-01
5.4633333       	6.55844676e-01
5.4666667       	6.55844671e-01
5.47            	6.55844667e-01
5.4733333       	6.55844662e-01
5.4766667       	6.55844658e-01
5.48            	6.55844654e-01
5.4833333       	6.55844650e-01
5.4866667       	6.55844646e-01
5.49            	6.55844641e-01
5.4933333       	6.55844637e-01
5.4966667       	6.55844632e-01
5.5             	6.55844627e-01
5.504           	6.55844618e-01
5.508           	6.55844608e-01
5.512           	6.55844598e-01
5.516           	6.55844588e-01
5.52            	6.55844578e-01
5.5233333       	6.55844573e-01
5.5266667       	6.55844568e-01
5.53            	6.55844563e-01
5.5333333       	6.55844558e-01
5.5366667       	6.55844552e-01
5.54            	6.55844546e-01
5.544           	6.55844546e-01
5.548           	6.55844545e-01
5.552           	6.55844531e-01
5.556           	6.55844516e-01
5.56            	6.55844516e-01
5.564           	6.55844516e-01
5.568           	6.55844511e-01
5.572           	6.55844510e-01
5.576           	6.55844509e-01
5.58            	6.55844508e-01
5.584           	6.55844506e-01
5.588           	6.55844505e-01
5.592           	6.55844503e-01
5.596           	6.55844502e-01
5.6             	6.55844499e-01
5.604           	6.55844498e-01
5.608           	6.55844497e-01
5.612           	6.55844496e-01
5.616           	6.55844496e-01
5.62            	6.55844495e-01
5.624           	6.55844494e-01
5.628           	6.55844493e-01
5.632           	6.55844492e-01
5.636           	6.55844492e-01
5.64            	6.55844489e-01
5.644           	6.55844487e-01
5.648           	6.55844486e-01
5.652           	6.55844484e-01
5.656           	6.55844483e-01
5.66            	6.55844481e-01
5.664           	6.55844479e-01
5.668           	6.55844477e-01
5.672           	6.55844474e-01
5.676           	6.55844470e-01
5.68            	6.55844469e-01
5.684           	6.55844466e-01
5.688           	6.55844464e-01
5.692           	6.55844462e-01
5.696           	6.55844459e-01
5.7             	6.55844456e-01
5.704           	6.55844453e-01
5.708           	6.55844449e-01
5.712           	6.55844445e-01
5.716           	6.55844441e-01
5.72            	6.55844437e-01
5.724           	6.55844431e-01
5.728           	6.55844426e-01
5.732           	6.55844420e-01
5.736           	6.55844412e-01
5.74            	6.55844404e-01
5.744           	6.55844395e-01
5.748           	6.55844384e-01
5.752           	6.55844371e-01
5.756           	6.55844355e-01
5.76            	6.55844335e-01
5.764           	6.55844312e-01
5.768           	6.55844282e-01
5.772           	6.55844246e-01
5.776           	6.55844200e-01
5.78            	6.55844144e-01
5.784           	6.55844073e-01
5.788           	6.55843984e-01
5.792           	6.55843874e-01
5.796           	6.55843738e-01
5.8             	6.55843571e-01
5.804           	6.55843365e-01
5.808           	6.55843110e-01
5.812           	6.55842791e-01
5.816           	6.55842402e-01
5.82            	6.55841939e-01
5.824           	6.55841395e-01
5.828           	6.55840732e-01
5.832           	6.55839931e-01
5.836           	6.55838978e-01
5.84            	6.55837882e-01
5.844           	6.55836682e-01
5.848           	6.55835394e-01
5.852           	6.55834010e-01
5.856           	6.55832520e-01
5.86            	6.55830915e-01
5.864           	6.55829200e-01
5.868           	6.55827420e-01
5.872           	6.55825583e-01
5.876           	6.55823676e-01
5.88            	6.55821696e-01
5.884           	6.55819618e-01
5.888           	6.55817428e-01
5.892           	6.55815091e-01
5.896           	6.55812583e-01
5.9             	6.55809902e-01
5.905           	6.55806337e-01
5.91            	6.55802562e-01
5.915           	6.55798614e-01
5.92            	6.55794527e-01
5.925           	6.55790331e-01
5.93            	6.55786053e-01
5.935           	6.55781705e-01
5.94            	6.55777293e-01
5.945           	6.55772819e-01
5.95            	6.55768299e-01
5.955           	6.55763749e-01
5.96            	6.55759188e-01
5.965           	6.55754640e-01
5.97            	6.55750112e-01
5.975           	6.55745619e-01
5.98            	6.55741157e-01
5.985           	6.55736727e-01
5.99            	6.55732338e-01
5.995           	6.55728003e-01
6               	6.55723739e-01
6.005           	6.55719561e-01
6.01            	6.55715478e-01
6.015           	6.55711496e-01
6.02            	6.55707620e-01
6.025           	6.55703851e-01
6.03            	6.55700197e-01
6.035           	6.55696674e-01
6.04            	6.55693282e-01
6.045           	6.55690017e-01
6.05            	6.55686873e-01
6.055           	6.55683845e-01
6.06            	6.55680932e-01
6.065           	6.55678132e-01
6.07            	6.55675442e-01
6.075           	6.55672862e-01
6.08            	6.55670388e-01
6.085           	6.55668024e-01
6.09            	6.55665769e-01
6.095           	6.55663625e-01
6.1             	6.55661588e-01
6.105           	6.55659654e-01
6.11            	6.55657820e-01
6.115           	6.55656081e-01
6.12            	6.55654414e-01
6.125           	6.55652807e-01
6.13            	6.55651260e-01
6.135           	6.55649771e-01
6.14            	6.55648340e-01
6.145           	6.55646968e-01
6.15            	6.55645655e-01
6.155           	6.55644402e-01
6.16            	6.55643209e-01
6.165           	6.55642076e-01
6.17            	6.55641001e-01
6.175           	6.55639984e-01
6.18            	6.55639021e-01
6.185           	6.55638113e-01
6.19            	6.55637259e-01
6.195           	6.55636459e-01
6.2             	6.55635709e-01
6.205           	6.55635008e-01
6.21            	6.55634351e-01
6.215           	6.55633738e-01
6.22            	6.55633166e-01
6.225           	6.55632631e-01
6.23            	6.55632133e-01
6.235           	6.55631669e-01
6.24            	6.55631237e-01
6.245           	6.55630836e-01
6.25            	6.55630464e-01
6.255           	6.55630119e-01
6.26            	6.55629801e-01
6.265           	6.55629507e-01
6.27            	6.55629236e-01
6.275           	6.55628988e-01
6.28            	6.55628760e-01
6.285           	6.55628553e-01
6.29            	6.55628365e-01
6.295           	6.55628186e-01
6.3             	6.55628022e-01
6.305           	6.55627873e-01
6.31            	6.55627736e-01
6.315           	6.55627611e-01
6.32            	6.55627498e-01
6.325           	6.55627395e-01
6.33            	6.55627301e-01
6.335           	6.55627217e-01
6.34            	6.55627140e-01
6.345           	6.55627071e-01
6.35            	6.55627008e-01
6.355           	6.55626950e-01
6.36            	6.55626899e-01
6.365           	6.55626852e-01
6.37            	6.55626810e-01
6.375           	6.55626772e-01
6.38            	6.55626737e-01
6.385           	6.55626706e-01
6.39            	6.55626677e-01
6.395           	6.55626651e-01
6.4             	6.55626627e-01
6.405           	6.55626605e-01
6.41            	6.55626585e-01
6.415           	6.55626567e-01
6.42            	6.55626550e-01
6.425           	6.55626534e-01
6.43            	6.55626520e-01
6.435           	6.55626507e-01
6.44            	6.55626495e-01
6.445           	6.55626484e-01
6.45            	6.55626474e-01
6.455           	6.55626464e-01
6.46            	6.55626455e-01
6.465           	6.55626446e-01
6.47            	6.55626437e-01
6.475           	6.55626429e-01
6.48            	6.55626421e-01
6.485           	6.55626427e-01
6.49            	6.55626433e-01
6.495           	6.55626437e-01
6.5             	6.55626439e-01
6.505           	6.55626440e-01
6.51            	6.55626440e-01
6.515           	6.55626441e-01
6.52            	6.55626443e-01
6.5266667       	6.55626436e-01
6.5333333       	6.55626430e-01
6.54            	6.55626424e-01
6.5466667       	6.55626418e-01
6.5533333       	6.55626412e-01
6.56            	6.55626407e-01
6.5666667       	6.55626402e-01
6.5733333       	6.55626398e-01
6.58            	6.55626391e-01
6.5866667       	6.55626387e-01
6.5933333       	6.55626383e-01
6.6             	6.55626387e-01
6.605           	6.55626386e-01
6.61            	6.55626385e-01
6.615           	6.55626383e-01
6.62            	6.55626382e-01
6.625           	6.55626380e-01
6.63            	6.55626379e-01
6.635           	6.55626377e-01
6.64            	6.55626375e-01
6.645           	6.55626373e-01
6.65            	6.55626371e-01
6.655           	6.55626368e-01
6.66            	6.55626366e-01
6.665           	6.55626364e-01
6.67            	6.55626361e-01
6.675           	6.55626359e-01
6.68            	6.55626356e-01
6.685           	6.55626353e-01
6.69            	6.55626350e-01
6.695           	6.55626347e-01
6.7             	6.55626344e-01
6.705           	6.55626341e-01
6.71            	6.55626337e-01
6.715           	6.55626334e-01
6.72            	6.55626330e-01
6.725           	6.55626327e-01
6.73            	6.55626323e-01
6.735           	6.55626320e-01
6.74            	6.55626317e-01
6.745           	6.55626314e-01
6.75            	6.55626310e-01
6.755           	6.55626307e-01
6.76            	6.55626305e-01
6.765           	6.55626302e-01
6.77            	6.55626299e-01
6.775           	6.55626296e-01
6.78            	6.55626293e-01
6.785           	6.55626290e-01
6.79            	6.55626286e-01
6.795           	6.55626283e-01
6.8             	6.55626279e-01
6.805           	6.55626276e-01
6.81            	6.55626272e-01
6.815           	6.55626268e-01
6.82            	6.55626263e-01
6.825           	6.55626259e-01
6.83            	6.55626254e-01
6.835           	6.55626250e-01
6.84            	6.55626246e-01
6.845           	6.55626242e-01
6.85            	6.55626238e-01
6.855           	6.55626234e-01
6.86            	6.55626231e-01
6.865           	6.55626228e-01
6.87            	6.55626226e-01
6.875           	6.55626223e-01
6.88            	6.55626221e-01
6.8866667       	6.55626217e-01
6.8933333       	6.55626212e-01
6.9             	6.55626208e-01
6.9066667       	6.55626204e-01
6.9133333       	6.55626200e-01
6.92            	6.55626196e-01
6.9266667       	6.55626191e-01
6.9333333       	6.55626187e-01
6.94            	6.55626182e-01
6.9466667       	6.55626178e-01
6.9533333       	6.55626173e-01
6.96            	6.55626168e-01
6.9666667       	6.55626161e-01
6.9733333       	6.55626154e-01
6.98            	6.55626146e-01
6.9866667       	6.55626138e-01
6.9933333       	6.55626129e-01
7               	6.55626119e-01
7.0066667       	6.55626109e-01
7.0133333       	6.55626099e-01
7.02            	6.55626087e-01
7.0266667       	6.55626076e-01
7.0333333       	6.55626064e-01
7.04            	6.55626063e-01
7.0466667       	6.55626062e-01
7.0533333       	6.55626062e-01
7.06            	6.55626061e-01
7.0666667       	6.55626060e-01
7.0733333       	6.55626060e-01
7.08            	6.55626059e-01
7.0866667       	6.55626059e-01
7.0933333       	6.55626058e-01
7.1             	6.55626058e-01
7.1066667       	6.55626057e-01
7.1133333       	6.55626057e-01
7.12            	6.55626056e-01
7.1266667       	6.55626056e-01
7.1333333       	6.55626055e-01
7.14            	6.55626055e-01
7.1466667       	6.55626054e-01
7.1533333       	6.55626054e-01
7.16            	6.55626053e-01
7.1666667       	6.55626053e-01
7.1733333       	6.55626053e-01
7.18            	6.55626052e-01
7.1866667       	6.55626052e-01
7.1933333       	6.55626051e-01
7.2             	6.55626051e-01
7.2066667       	6.55626051e-01
7.2133333       	6.55626050e-01
7.22            	6.55626050e-01
7.2266667       	6.55626049e-01
7.2333333       	6.55626049e-01
7.24            	6.55626048e-01
7.2466667       	6.55626041e-01
7.2533333       	6.55626036e-01
7.26            	6.55626032e-01
7.2666667       	6.55626030e-01
7.2733333       	6.55626029e-01
7.28            	6.55626030e-01
7.2866667       	6.55626032e-01
7.2933333       	6.55626034e-01
7.3             	6.55626037e-01
7.3066667       	6.55626041e-01
7.3133333       	6.55626045e-01
7.32            	6.55626050e-01
7.3266667       	6.55626054e-01
7.3333333       	6.55626059e-01
7.34            	6.55626065e-01
7.3466667       	6.55626070e-01
7.3533333       	6.55626076e-01
7.36            	6.55626082e-01
7.37            	6.55626082e-01
7.38            	6.55626082e-01
7.39            	6.55626082e-01
7.4             	6.55626082e-01
7.41            	6.55626083e-01
7.42            	6.55626084e-01
7.43            	6.55626085e-01
7.44            	6.55626087e-01
7.45            	6.55626088e-01
7.46            	6.55626090e-01
7.47            	6.55626092e-01
7.48            	6.55626094e-01
7.49            	6.55626096e-01
7.5             	6.55626098e-01
7.51            	6.55626100e-01
7.52            	6.55626101e-01
7.53            	6.55626103e-01
7.54            	6.55626104e-01
7.55            	6.55626106e-01
7.56            	6.55626107e-01
7.57            	6.55626108e-01
7.58            	6.55626108e-01
7.59            	6.55626109e-01
7.6             	6.55626109e-01
7.61            	6.55626109e-01
7.62            	6.55626110e-01
7.63            	6.55626110e-01
7.64            	6.55626110e-01
7.65            	6.55626110e-01
7.66            	6.55626110e-01
7.67            	6.55626110e-01
7.68            	6.55626110e-01
7.69            	6.55626110e-01
7.7             	6.55626109e-01
7.71            	6.55626109e-01
7.72            	6.55626110e-01
7.73            	6.55626115e-01
7.74            	6.55626124e-01
7.75            	6.55626137e-01
7.76            	6.55626152e-01
7.77            	6.55626168e-01
7.78            	6.55626185e-01
7.79            	6.55626185e-01
7.8             	6.55626185e-01
7.81            	6.55626185e-01
7.82            	6.55626185e-01
7.83            	6.55626185e-01
7.84            	6.55626185e-01
7.85            	6.55626185e-01
7.86            	6.55626185e-01
7.87            	6.55626184e-01
7.88            	6.55626184e-01
7.89            	6.55626184e-01
7.9             	6.55626184e-01
7.91            	6.55626184e-01
7.92            	6.55626185e-01
7.93            	6.55626185e-01
7.94            	6.55626185e-01
7.95            	6.55626185e-01
7.96            	6.55626185e-01
7.97            	6.55626185e-01
7.98            	6.55626185e-01
7.99            	6.55626185e-01
8               	6.55626185e-01
